584, 142, 3548, 1619, 5893
562, 144, 3563, 1658, 5927
571, 140, 3560, 1696, 5967
595, 130, 3544, 1739, 6008
175, 1, 1433, 1193, 2802
199, 0, 1358, 1347, 2904
200, 0, 1409, 1376, 2985
202, 0, 1414, 1420, 3036
494, 2, 1440, 8453, 10389
691, 0, 1734, 10960, 13385
684, 0, 1597, 11568, 13849
1035, 0, 1584, 14642, 17261
358, 1, 839, 494, 1692
508, 0, 845, 699, 2052
578, 0, 1154, 627, 2359
809, 0, 1026, 1061, 2896
