584, 142, 3548, 1619, 5893
562, 144, 3563, 1658, 5927
571, 140, 3560, 1696, 5967
595, 130, 3544, 1739, 6008
175, 1, 1433, 1193, 2802
199, 0, 1358, 1347, 2904
200, 0, 1409, 1376, 2985
202, 0, 1414, 1420, 3036
494, 2, 1440, 8453, 10389
691, 0, 1734, 10960, 13385
684, 0, 1597, 11568, 13849
1035, 0, 1584, 14642, 17261
358, 1, 839, 494, 1692
508, 0, 845, 699, 2052
578, 0, 1154, 627, 2359
809, 0, 1026, 1061, 2896
432, 3, 797, 3383, 4615
575, 0, 871, 4116, 5562
564, 0, 881, 4171, 5616
791, 0, 841, 5030, 6662
199, 0, 734, 2717, 3650
314, 0, 771, 3569, 4654
315, 0, 779, 3568, 4662
521, 0, 844, 4674, 6039
188, 0, 731, 2849, 3768
296, 0, 777, 3642, 4715
300, 0, 776, 3670, 4746
483, 0, 841, 4805, 6129
575, 19, 777, 3158, 4529
717, 1, 755, 3804, 5277
714, 0, 869, 3979, 5562
932, 0, 884, 4661, 6477
502, 2, 699, 3149, 4352
669, 0, 706, 3873, 5248
672, 0, 874, 3980, 5526
912, 0, 811, 4818, 6541
15304, 0, 2309, 9048, 26661
15320, 0, 2277, 9064, 26661
15554, 0, 2246, 9095, 26895
16380, 0, 1857, 8829, 27066
16396, 0, 1841, 8907, 27144
16412, 0, 1934, 8923, 27269
16349, 0, 1872, 9126, 27347
3230, 0, 1638, 8611, 13479
3229, 16, 1435, 8658, 13338
3354, 0, 1482, 8643, 13479
16318, 0, 1919, 30233, 48470
14961, 0, 2730, 33197, 50888
14524, 16, 2730, 34679, 51949
16349, 0, 1888, 34102, 52339
15382, 0, 2246, 34789, 52417
15210, 0, 2730, 34898, 52838
16224, 0, 1919, 35288, 53431
15304, 0, 2278, 35973, 53555
16318, 0, 1903, 35896, 54117
1544, 0, 1451, 8611, 11606
1544, 0, 1435, 8643, 11622
3166, 0, 1482, 29594, 34242
1498, 0, 1357, 8549, 11404
1701, 0, 1373, 8751, 11825
2840, 0, 1575, 33338, 37753
1669, 0, 1420, 8845, 11934
1779, 0, 1388, 8752, 11919
3214, 0, 1529, 33712, 38455
3151, 0, 1451, 33493, 38095
1638, 0, 1482, 8642, 11762
1529, 0, 1435, 8486, 11450
1653, 0, 1420, 8439, 11512
1529, 0, 1435, 32277, 35241
1825, 0, 1404, 8596, 11825
1763, 0, 1435, 8642, 11840
1623, 0, 1435, 8689, 11747
1685, 0, 1435, 29328, 32448
1747, 0, 1436, 29624, 32807
1560, 0, 1529, 29468, 32557
1622, 0, 1420, 33509, 36551
1544, 0, 1435, 8237, 11216
1544, 0, 1404, 34632, 37580
1623, 0, 1482, 32947, 36052
1513, 0, 1451, 8580, 11544
1373, 0, 1450, 8440, 11263
1451, 0, 1435, 30576, 33462
1497, 0, 1420, 9032, 11949
1778, 0, 1451, 29905, 33134
1731, 0, 1373, 33540, 36644
1576, 0, 1575, 9189, 12340
1763, 0, 1435, 35615, 38813
5881, 0, 1810, 12605, 20296
1435, 0, 1451, 35365, 38251
1358, 0, 1419, 31200, 33977
8565, 0, 1591, 12168, 22324
1529, 0, 1451, 8174, 11154
1560, 0, 1435, 35412, 38407
6661, 0, 1545, 11606, 19812
1794, 0, 1420, 12058, 15272
1419, 0, 1420, 34616, 37455
1716, 0, 1451, 29500, 32667
1545, 0, 2121, 30233, 33899
1513, 0, 1435, 8377, 11325
1560, 0, 1435, 8596, 11591
1498, 0, 1404, 35443, 38345
1529, 0, 2621, 33602, 37752
1420, 0, 1420, 8455, 11295
1451, 0, 1435, 8440, 11326
1529, 0, 1435, 31715, 34679
1592, 0, 1372, 8674, 11638
1654, 0, 1404, 8752, 11810
1497, 0, 1451, 34851, 37799
1513, 0, 1435, 8580, 11528
1373, 0, 1435, 8377, 11185
1373, 0, 1435, 32510, 35318
1435, 0, 1451, 31029, 33915
1451, 0, 1435, 8518, 11404
1466, 0, 1451, 33275, 36192
1450, 0, 1436, 33181, 36067
1482, 0, 1435, 29765, 32682
1466, 0, 1436, 30544, 33446
1544, 0, 1436, 32432, 35412
1592, 0, 1388, 33462, 36442
1420, 0, 1420, 31184, 34024
1389, 0, 1450, 8830, 11669
1451, 0, 1451, 34569, 37471
14711, 0, 1607, 14352, 30670
4945, 0, 1498, 29515, 35958
1544, 0, 1436, 8533, 11513
1513, 0, 1389, 9438, 12340
25428, 0, 1747, 10265, 37440
7098, 0, 1482, 20982, 29562
18143, 0, 1669, 20795, 40607
1420, 0, 1435, 30296, 33151
1419, 0, 1404, 8268, 11091
27176, 0, 1763, 11232, 40171
9033, 0, 1622, 28751, 39406
1404, 0, 1419, 8362, 11185
1092, 0, 1436, 27674, 30202
5475, 0, 1545, 11903, 18923
1061, 0, 1357, 28018, 30436
1076, 0, 1404, 28065, 30545
1435, 0, 1451, 8408, 11294
10281, 0, 1638, 12339, 24258
1404, 0, 1435, 8393, 11232
1419, 0, 1436, 8486, 11341
1467, 0, 1497, 8440, 11404
1513, 0, 1529, 8486, 11528
2590, 0, 1513, 8159, 12262
2714, 0, 1498, 8346, 12558
2730, 0, 1404, 8377, 12511
2699, 0, 1451, 8408, 12558
2699, 0, 1435, 8190, 12324
2480, 0, 1404, 8393, 12277
1467, 0, 1450, 8268, 11185
1404, 0, 1404, 8299, 11107
1529, 0, 1451, 8315, 11295
3868, 0, 1482, 12527, 17877
9142, 0, 1497, 16224, 26863
2512, 0, 1591, 8221, 12324
2933, 0, 1482, 8205, 12620
3042, 0, 1482, 8190, 12714
2964, 0, 1404, 8393, 12761
3011, 0, 1435, 8284, 12730
2777, 0, 1435, 8315, 12527
1404, 0, 1419, 8424, 11247
1404, 0, 1404, 8518, 11326
17753, 0, 1856, 7535, 27144
18143, 0, 1872, 6942, 26957
1497, 0, 1513, 8424, 11434
1514, 0, 1528, 8315, 11357
19313, 0, 1794, 7644, 28751
21512, 0, 1654, 15179, 38345
26879, 0, 1825, 11622, 40326
2138, 0, 1497, 8455, 12090
2200, 0, 1513, 8549, 12262
2402, 0, 1436, 8548, 12386
2386, 0, 1436, 8595, 12417
2309, 0, 1420, 8361, 12090
2418, 0, 1404, 8565, 12387
2356, 0, 1435, 8533, 12324
1466, 0, 1514, 8377, 11357
1576, 0, 1528, 8300, 11404
1513, 0, 1404, 8346, 11263
2075, 0, 1529, 8736, 12340
2262, 0, 1436, 12121, 15819
2324, 0, 1513, 8768, 12605
2262, 0, 1513, 8939, 12714
2309, 0, 1404, 8627, 12340
2340, 0, 1435, 8986, 12761
1436, 0, 1404, 8626, 11466
1373, 0, 1419, 8565, 11357
1451, 0, 1451, 8190, 11092
20748, 0, 1794, 6864, 29406
18002, 0, 1732, 9235, 28969
21435, 0, 1825, 7628, 30888
1779, 0, 1404, 8548, 11731
1825, 0, 1451, 8533, 11809
1841, 0, 1451, 8548, 11840
1763, 0, 1420, 8174, 11357
1700, 0, 1451, 8393, 11544
1404, 0, 1404, 8283, 11091
1341, 0, 1420, 8330, 11091
1622, 0, 1451, 35318, 38391
11856, 0, 1529, 19219, 32604
1419, 0, 1420, 8393, 11232
1545, 0, 1466, 8315, 11326
1513, 0, 1404, 8300, 11217
19968, 0, 1701, 13385, 35054
1513, 0, 1419, 8612, 11544
1529, 0, 1435, 8331, 11295
1420, 0, 1451, 8205, 11076
1388, 0, 1404, 8424, 11216
25443, 0, 1670, 13088, 40201
1185, 0, 1389, 27627, 30201
1466, 0, 1404, 8253, 11123
218, 0, 1388, 5414, 7020
1513, 0, 1341, 8159, 11013
1529, 0, 1435, 8315, 11279
1497, 0, 1420, 8159, 11076
1622, 0, 1482, 8362, 11466
1544, 0, 1529, 8315, 11388
7940, 0, 1607, 13603, 23150
17206, 0, 1826, 6411, 25443
1451, 0, 1529, 8377, 11357
453, 0, 1419, 11669, 13541
17363, 0, 1856, 6864, 26083
1466, 0, 1544, 8300, 11310
18673, 0, 1810, 6567, 27050
1435, 0, 1513, 8409, 11357
421, 0, 1404, 10873, 12698
1466, 0, 1529, 8518, 11513
1482, 0, 1544, 8284, 11310
1482, 0, 1545, 8502, 11529
1466, 0, 1529, 8299, 11294
1529, 0, 1544, 8346, 11419
1420, 0, 1513, 8283, 11216
1856, 0, 1513, 13806, 17175
3588, 0, 1466, 16692, 21746
4165, 0, 1529, 22293, 27987
1170, 0, 1513, 27722, 30405
5600, 0, 1560, 14103, 21263
1498, 0, 1466, 32683, 35647
1466, 0, 1514, 8283, 11263
19407, 0, 1841, 7004, 28252
7987, 0, 1607, 16879, 26473
1498, 0, 1513, 8471, 11482
20592, 0, 1841, 7207, 29640
15818, 0, 1732, 11544, 29094
1451, 0, 1513, 8440, 11404
1497, 0, 1545, 8377, 11419
24789, 0, 1794, 13400, 39983
1451, 0, 1544, 8315, 11310
28985, 0, 1825, 10405, 41215
19266, 0, 1763, 12340, 33369
1451, 0, 1544, 8346, 11341
25818, 0, 1763, 15709, 43290
1436, 0, 1544, 8377, 11357
1342, 0, 1513, 8205, 11060
13947, 0, 1716, 14929, 30592
10483, 0, 1638, 17940, 30061
1498, 0, 1497, 8674, 11669
1497, 0, 1498, 8767, 11762
1482, 0, 1497, 9048, 12027
1731, 0, 1669, 9282, 12682
2387, 0, 1685, 9454, 13526
1841, 0, 1700, 8939, 12480
1841, 0, 1700, 9173, 12714
1872, 0, 1560, 9407, 12839
1763, 0, 1529, 9204, 12496
1809, 0, 1513, 9407, 12729
1622, 0, 1498, 9344, 12464
1513, 0, 1622, 9313, 12448
14913, 0, 1872, 9563, 26348
17488, 0, 2075, 7769, 27332
17955, 0, 2060, 7784, 27799
19079, 0, 2106, 7535, 28720
1685, 0, 1685, 9734, 13104
1638, 0, 1747, 9750, 13135
1763, 0, 1841, 9890, 13494
1903, 0, 1716, 9984, 13603
1809, 0, 1779, 10140, 13728
1903, 0, 1779, 10171, 13853
24024, 0, 2231, 8845, 35100
1420, 0, 1747, 32854, 36021
1700, 0, 1763, 37050, 40513
26099, 0, 2277, 10140, 38516
26770, 0, 2278, 12246, 41294
29328, 0, 2184, 9750, 41262
31247, 0, 2262, 11887, 45396
27721, 0, 2449, 16146, 46316
33728, 0, 2667, 10483, 46878
1965, 0, 2013, 10717, 14695
7675, 0, 1872, 28766, 38313
2043, 0, 1950, 11061, 15054
2075, 0, 1857, 10967, 14899
1762, 0, 1935, 10811, 14508
1747, 0, 2418, 10406, 14571
31934, 0, 2277, 13354, 47565
34023, 0, 2917, 12278, 49218
39624, 0, 2902, 13822, 56348
1856, 0, 1919, 11279, 15054
1934, 0, 2013, 11138, 15085
1887, 0, 1904, 11029, 14820
39078, 0, 2340, 12542, 53960
1966, 0, 1934, 11092, 14992
2184, 0, 2043, 11201, 15428
2012, 0, 1825, 11747, 15584
40498, 0, 2262, 17924, 60684
45911, 0, 2324, 16755, 64990
2496, 0, 1997, 20108, 24601
4914, 0, 2059, 18174, 25147
1997, 0, 1903, 10795, 14695
1997, 0, 1919, 10764, 14680
1966, 0, 1981, 10780, 14727
2106, 0, 1856, 10780, 14742
2091, 0, 1841, 10686, 14618
2091, 0, 1950, 10966, 15007
9781, 0, 2028, 18252, 30061
2511, 0, 2122, 12917, 17550
1934, 0, 2013, 10966, 14913
17784, 0, 2215, 11092, 31091
1872, 0, 2012, 10811, 14695
4384, 0, 2028, 16114, 22526
1825, 0, 1872, 10718, 14415
1872, 0, 1903, 10982, 14757
21450, 0, 2527, 10218, 34195
1919, 0, 2106, 10701, 14726
23431, 0, 2340, 8861, 34632
2512, 0, 1950, 10639, 15101
24492, 0, 2231, 8674, 35397
2714, 0, 2028, 10671, 15413
2980, 327, 2106, 18221, 23634
1919, 0, 1919, 42650, 46488
32323, 1077, 2418, 12199, 48017
35131, 624, 2340, 13588, 51683
2730, 0, 1965, 11809, 16504
36769, 702, 2371, 20452, 60294
35895, 687, 2433, 21107, 60122
32822, 265, 2403, 19952, 55442
39998, 406, 2558, 24492, 67454
26879, 733, 2387, 25709, 55708
2824, 0, 2137, 11248, 16209
1778, 0, 1872, 37050, 40700
2667, 0, 2122, 11076, 15865
2652, 0, 2090, 11373, 16115
33322, 811, 2605, 24757, 61495
2698, 0, 1857, 11169, 15724
35849, 842, 2590, 26863, 66144
30794, 671, 2387, 33353, 67205
2792, 0, 1950, 11420, 16162
2699, 0, 1997, 11310, 16006
31044, 640, 2309, 35396, 69389
2683, 0, 2028, 11357, 16068
3760, 639, 2169, 15631, 22199
2886, 0, 2168, 11591, 16645
2824, 0, 2152, 11217, 16193
2715, 0, 2012, 11263, 15990
40466, 655, 2559, 37377, 81057
33805, 749, 2355, 43915, 80824
40076, 687, 2418, 29531, 72712
9313, 967, 2278, 18938, 31496
3448, 718, 1996, 20982, 27144
17488, 670, 2387, 12870, 33415
15975, 562, 2402, 15928, 34867
2652, 0, 1903, 10827, 15382
2684, 0, 1996, 11045, 15725
3479, 0, 2075, 11606, 17160
3822, 0, 2012, 11607, 17441
6209, 765, 1903, 31481, 40358
17893, 1826, 2308, 13962, 35989
9345, 826, 2044, 18002, 30217
3510, 0, 2028, 11747, 17285
2979, 0, 2200, 11560, 16739
27503, 1342, 2496, 16692, 48033
24976, 624, 2402, 25350, 53352
16068, 1248, 2091, 21450, 40857
21793, 2231, 2277, 28720, 55021
16755, 1279, 2246, 23759, 44039
2652, 0, 2043, 42448, 47143
2762, 0, 1981, 11762, 16505
29905, 1030, 2496, 38610, 72041
30171, 1263, 2294, 41792, 75520
32667, 858, 2542, 38267, 74334
2168, 0, 2028, 38236, 42432
33945, 1342, 2605, 46379, 84271
2715, 0, 2059, 11341, 16115
2793, 0, 2012, 11529, 16334
32495, 827, 2589, 49390, 85301
36910, 655, 2699, 35849, 76113
2543, 0, 2277, 11591, 16411
38095, 1576, 2621, 51667, 93959
2714, 0, 2184, 11606, 16504
14212, 1513, 2309, 56862, 74896
35240, 764, 2652, 47206, 85862
2606, 0, 2215, 11684, 16505
2667, 0, 2325, 11388, 16380
2745, 0, 2122, 11497, 16364
2542, 0, 2091, 11559, 16192
36520, 1123, 2699, 69857, 110199
2730, 733, 2012, 29734, 35209
39734, 1123, 2745, 83679, 127281
40919, 952, 2776, 68453, 113100
41871, 1014, 2730, 70153, 115768
52868, 1155, 2386, 78859, 135268
10670, 827, 2121, 39843, 53461
12839, 904, 2184, 28502, 44429
15491, 843, 2402, 33431, 52167
20716, 1295, 2574, 23806, 48391
21138, 827, 2496, 28719, 53180
20530, 873, 2434, 31356, 55193
24726, 1560, 2824, 24913, 54023
23447, 1341, 2824, 25615, 53227
22823, 889, 2667, 24602, 50981
48672, 998, 2574, 100964, 153208
12760, 578, 2355, 29765, 45458
2839, 0, 2075, 11201, 16115
2979, 0, 2262, 11888, 17129
3166, 0, 1982, 11590, 16738
3073, 0, 2168, 11794, 17035
3027, 0, 2168, 11700, 16895
3135, 0, 2028, 11731, 16894
3151, 0, 2013, 12105, 17269
14617, 1201, 2465, 27909, 46192
2808, 0, 2122, 11590, 16520
2745, 0, 2387, 11435, 16567
2980, 0, 1981, 11435, 16396
11295, 1092, 2496, 36052, 50935
2730, 0, 2044, 11544, 16318
26613, 796, 2543, 28049, 58001
2590, 0, 2090, 11623, 16303
2606, 593, 2043, 11622, 16864
25397, 1233, 2371, 36223, 65224
2808, 0, 1965, 45537, 50310
2122, 0, 1872, 38267, 42261
27409, 811, 2606, 33399, 64225
2574, 0, 2168, 11310, 16052
2684, 0, 2012, 41278, 45974
37908, 967, 2387, 39437, 80699
31013, 967, 2387, 39936, 74303
32667, 967, 2480, 44398, 80512
31995, 905, 2496, 47580, 82976
26770, 811, 2387, 25522, 55490
30529, 905, 2387, 66456, 100277
39827, 873, 2512, 62946, 106158
32245, 842, 2574, 53259, 88920
36395, 905, 2574, 57423, 97297
44320, 1045, 2683, 81573, 129621
35724, 1138, 2590, 65380, 104832
23853, 889, 2652, 30701, 58095
16598, 1358, 2714, 26661, 47331
17503, 843, 2636, 26458, 47440
21013, 1139, 2605, 24430, 49187
56629, 1092, 2371, 89653, 149745
26068, 1591, 2558, 33057, 63274
40514, 998, 2543, 80527, 124582
29187, 967, 2652, 47409, 80215
12683, 749, 2418, 30654, 46504
9282, 765, 2215, 30935, 43197
20623, 655, 2340, 24867, 48485
41636, 936, 2777, 80949, 126298
52447, 1233, 2745, 118670, 175095
4009, 4649, 2199, 10546, 21403
25491, 1170, 2667, 21840, 51168
4243, 5959, 1826, 10998, 23026
8377, 0, 1857, 11154, 21388
7035, 0, 1841, 11201, 20077
2590, 0, 1950, 11107, 15647
25537, 6349, 2356, 25599, 59841
2652, 0, 1950, 11373, 15975
2667, 0, 2075, 11326, 16068
2761, 0, 1997, 11934, 16692
2917, 0, 1950, 11919, 16786
28065, 827, 2418, 28126, 59436
29687, 780, 2496, 29281, 62244
4071, 5882, 1840, 43540, 55333
2870, 0, 2059, 11778, 16707
30872, 921, 2464, 32043, 66300
26302, 951, 2200, 39484, 68937
7613, 5210, 1700, 48860, 63383
21465, 874, 2309, 45396, 70044
18408, 904, 2060, 45879, 67251
1857, 0, 2043, 38345, 42245
2792, 0, 2106, 11575, 16473
37752, 905, 2574, 37315, 78546
2559, 0, 2153, 49530, 54242
37113, 717, 2574, 47596, 88000
36784, 874, 2621, 41106, 81385
13260, 827, 2277, 68344, 84708
32589, 889, 2652, 40857, 76987
31325, 1045, 2543, 38360, 73273
33509, 1014, 2527, 38594, 75644
32666, 952, 2683, 36613, 72914
33806, 873, 2590, 38345, 75614
34679, 827, 2527, 63960, 101993
23977, 733, 2528, 32136, 59374
5990, 624, 2138, 25708, 34460
17581, 951, 2621, 28845, 49998
27877, 1030, 2698, 29703, 61308
16271, 1092, 2543, 26114, 46020
43618, 920, 2636, 83148, 130322
41418, 1248, 2589, 75114, 120369
18502, 733, 2480, 25038, 46753
28876, 1201, 2683, 43181, 75941
62400, 1373, 2589, 92992, 159354
30623, 1030, 2558, 41902, 76113
25631, 982, 2762, 29827, 59202
23572, 920, 2543, 24695, 51730
53913, 1358, 2558, 106189, 164018
19968, 780, 2387, 26739, 49874
12948, 889, 2277, 31341, 47455
53118, 999, 2589, 103896, 160602
2964, 0, 2137, 11419, 16520
3245, 0, 2137, 11154, 16536
3370, 0, 1856, 12074, 17300
3604, 0, 2043, 11856, 17503
2746, 0, 2262, 11419, 16427
2823, 0, 2169, 11606, 16598
2871, 0, 2059, 11872, 16802
28751, 1794, 2543, 35708, 68796
35210, 2231, 2418, 37814, 77673
31247, 1856, 2387, 40778, 76268
34476, 2215, 2574, 38875, 78140
2590, 0, 2278, 12043, 16911
38049, 1357, 2558, 43197, 85161
1996, 0, 2278, 40342, 44616
37019, 1295, 2558, 45552, 86424
35038, 936, 2418, 44585, 82977
10311, 1326, 2200, 65114, 78951
40529, 1294, 2543, 44897, 89263
33898, 1077, 2605, 53586, 91166
2621, 0, 2168, 46816, 51605
2808, 109, 2044, 11996, 16957
2902, 0, 2137, 11856, 16895
34335, 921, 2667, 51543, 89466
2871, 0, 2199, 11794, 16864
34538, 936, 2606, 56675, 94755
37268, 983, 2621, 55084, 95956
40170, 983, 2464, 66316, 109933
8705, 874, 2230, 32963, 44772
23353, 499, 2574, 21341, 47767
10593, 920, 2106, 30919, 44538
11217, 749, 2230, 30576, 44772
42167, 2106, 2621, 61792, 108686
14118, 858, 2230, 95161, 112367
43649, 998, 2371, 77095, 124113
51449, 1576, 2527, 86221, 141773
54662, 1576, 2636, 88858, 147732
26520, 765, 2792, 32776, 62853
48641, 2184, 2730, 88109, 141664
33930, 1030, 2761, 53055, 90776
49015, 1108, 2636, 106174, 158933
33680, 1123, 2496, 42120, 79419
61277, 2340, 2511, 100948, 167076
61371, 1076, 2699, 98187, 163333
30467, 1139, 2745, 35506, 69857
2699, 546, 2153, 11700, 17098
30171, 936, 2730, 57938, 91775
2902, 0, 2106, 11856, 16864
14991, 843, 2355, 31107, 49296
35084, 952, 2699, 42463, 81198
14758, 671, 2496, 32042, 49967
2668, 0, 2090, 11591, 16349
39749, 1216, 2496, 47752, 91213
3011, 0, 2121, 11856, 16988
2886, 0, 2215, 11747, 16848
25490, 936, 2637, 25615, 54678
26286, 999, 2449, 28985, 58719
3057, 0, 2216, 11871, 17144
2949, 0, 2184, 11965, 17098
39577, 968, 2745, 48610, 91900
2761, 0, 2231, 11310, 16302
1966, 0, 2059, 39234, 43259
40716, 1529, 2558, 41090, 85893
46894, 952, 2777, 53352, 103975
2854, 0, 2013, 48095, 52962
47284, 1638, 2496, 56050, 107468
44616, 1201, 2668, 56332, 104817
2808, 0, 2293, 11654, 16755
2902, 0, 2043, 12044, 16989
29281, 843, 2293, 70309, 102726
31762, 671, 2480, 40420, 75333
47565, 936, 2823, 56784, 108108
37814, 952, 2371, 48953, 90090
37565, 889, 2621, 53867, 94942
35381, 858, 2636, 50264, 89139
38392, 1061, 2777, 57798, 100028
3214, 1606, 2028, 71105, 77953
42759, 1030, 2652, 72634, 119075
6708, 873, 2231, 33025, 42837
7831, 764, 2200, 29281, 40076
16021, 858, 2449, 29281, 48609
47970, 1872, 2762, 81401, 134005
16099, 733, 2262, 35319, 54413
37689, 858, 2574, 78234, 119355
43321, 1950, 2699, 105129, 153099
40919, 1014, 3042, 47112, 92087
41964, 921, 2636, 58953, 104474
28252, 811, 2808, 49717, 81588
26692, 1123, 2527, 29906, 60248
24944, 843, 2558, 28205, 56550
30217, 1217, 2589, 36505, 70528
8190, 749, 2230, 32012, 43181
35771, 1466, 2450, 41901, 81588
21668, 687, 2558, 24898, 49811
37596, 827, 2542, 54866, 95831
36176, 1514, 2511, 47034, 87235
50716, 1279, 3183, 96580, 151758
2948, 0, 2200, 12168, 17316
2855, 717, 2293, 12636, 18501
45427, 1513, 2590, 47814, 97344
2870, 0, 2153, 12527, 17550
53586, 1092, 2559, 111337, 168574
2917, 0, 2215, 12324, 17456
38423, 1185, 2559, 61027, 103194
2824, 0, 2308, 12480, 17612
46488, 1670, 2683, 56238, 107079
2979, 0, 2184, 12059, 17222
3089, 0, 2152, 12340, 17581
3588, 15, 1997, 12246, 17846
3713, 0, 1919, 12370, 18002
3385, 0, 2200, 11996, 17581
2777, 0, 2168, 12262, 17207
26427, 718, 2574, 97905, 127624
48235, 983, 2636, 50341, 102195
2886, 0, 2200, 48656, 53742
50918, 1217, 2621, 66518, 121274
7285, 1638, 2106, 70856, 81885
16973, 889, 2450, 89372, 109684
21029, 983, 2574, 92648, 117234
56643, 1233, 2527, 81931, 142334
2855, 0, 2262, 12184, 17301
45521, 1404, 2543, 72977, 122445
39702, 2059, 2511, 70403, 114675
52275, 1498, 2714, 72915, 129402
1965, 0, 2559, 40435, 44959
41153, 2231, 2511, 80465, 126360
12698, 749, 2511, 31762, 47720
7347, 687, 2168, 33525, 43727
41168, 1560, 2527, 98546, 143801
24960, 811, 2761, 24789, 53321
37939, 1529, 2746, 93241, 135455
41246, 1498, 2730, 96782, 142256
28158, 1029, 2762, 29359, 61308
31980, 1139, 2730, 34663, 70512
45895, 1076, 2652, 107672, 157295
44413, 1279, 2652, 73149, 121493
53944, 1217, 2730, 73742, 131633
9391, 764, 2293, 39484, 51932
52697, 1326, 2793, 85831, 142647
2620, 0, 2138, 11871, 16629
35834, 1029, 2418, 41621, 80902
17660, 1060, 2340, 32433, 53493
10827, 2543, 2262, 38017, 53649
2917, 0, 2309, 11622, 16848
6193, 0, 2059, 12262, 20514
23681, 780, 2636, 37550, 64647
37347, 1060, 2668, 67985, 109060
31122, 1450, 2465, 50685, 85722
2668, 0, 2464, 11482, 16614
36738, 2933, 2387, 56347, 98405
46285, 3214, 2620, 55068, 107187
36832, 1014, 2605, 51839, 92290
2714, 0, 2168, 12387, 17269
2777, 0, 2028, 12511, 17316
48532, 2979, 2637, 57533, 111681
2871, 0, 2137, 11887, 16895
2668, 0, 2168, 12262, 17098
2902, 234, 2028, 12152, 17316
3089, 0, 2683, 11388, 17160
2948, 0, 2652, 11700, 17300
2792, 0, 2808, 11498, 17098
2761, 0, 2060, 11684, 16505
2620, 0, 2044, 46629, 51293
52541, 1216, 2621, 64397, 120775
20264, 889, 2091, 94318, 117562
50966, 1294, 2574, 73991, 128825
11107, 281, 2324, 95441, 109153
2871, 0, 2293, 12262, 17426
49514, 1248, 2527, 88140, 141429
37549, 1685, 2699, 77922, 119855
49203, 967, 2637, 73304, 126111
42947, 1170, 2715, 79638, 126470
48110, 1451, 2637, 88108, 140306
1888, 0, 2137, 38532, 42557
43665, 998, 2730, 98733, 146126
43555, 1280, 2652, 78655, 126142
49280, 1326, 2699, 98951, 152256
16817, 702, 2418, 27051, 46988
47846, 967, 2636, 100433, 151882
45333, 1108, 2558, 112835, 161834
13401, 733, 2199, 29906, 46239
27861, 1139, 2512, 27846, 59358
35568, 967, 2824, 75348, 114707
13962, 983, 2433, 31216, 48594
49546, 1404, 2730, 122570, 176250
7301, 0, 2340, 10873, 20514
8907, 812, 1716, 11996, 23431
8783, 0, 1762, 11794, 22339
5709, 0, 1872, 11466, 19047
7410, 827, 2293, 30654, 41184
30592, 5054, 2995, 29281, 67922
24258, 1310, 2371, 27129, 55068
30576, 6583, 2574, 32666, 72399
33836, 3666, 2746, 40419, 80667
2808, 0, 2325, 11871, 17004
19516, 1498, 2215, 40029, 63258
2730, 0, 2090, 12121, 16941
38907, 5928, 2106, 47642, 94583
29733, 952, 2652, 34133, 67470
2683, 0, 2091, 11840, 16614
36333, 858, 2527, 44444, 84162
41870, 7114, 2184, 51480, 102648
2855, 0, 2231, 11825, 16911
35334, 1357, 2496, 55552, 94739
2933, 0, 2215, 11919, 17067
36598, 1061, 2512, 62680, 102851
3011, 0, 2121, 44242, 49374
57050, 1341, 2434, 68890, 129715
38657, 1060, 2684, 44382, 86783
45037, 1014, 2543, 84068, 132662
37954, 1217, 2761, 66332, 108264
36192, 1264, 2652, 52244, 92352
37830, 1232, 2684, 68109, 109855
54616, 1264, 2355, 92430, 150665
2761, 0, 2199, 12870, 17830
43539, 1217, 2683, 62993, 110432
23930, 1014, 2356, 70886, 98186
39530, 1201, 2652, 85551, 128934
44148, 858, 2621, 59919, 107546
38595, 1217, 2683, 83320, 125815
41371, 1030, 2496, 131165, 176062
42214, 1045, 2683, 48563, 94505
6115, 656, 2464, 21107, 30342
53227, 967, 2808, 112820, 169822
53602, 1450, 2699, 120744, 178495
15350, 733, 2528, 31964, 50575
8237, 796, 2137, 78624, 89794
29764, 1358, 2574, 30747, 64443
27581, 905, 2730, 26333, 57549
33321, 1217, 2684, 37923, 75145
17082, 531, 2636, 31434, 51683
47190, 1123, 2590, 56784, 107687
39827, 936, 2605, 73211, 116579
51558, 1108, 2776, 62042, 117484
42073, 1030, 2621, 49764, 95488
39266, 1076, 2449, 54179, 96970
18720, 982, 2356, 44788, 66846
9329, 640, 2309, 121992, 134270
18720, 827, 2667, 34117, 56331
29437, 1233, 2511, 35724, 68905
8174, 671, 2309, 32900, 44054
47393, 1061, 2683, 49702, 100839
48158, 1248, 2776, 46489, 98671
42635, 967, 2574, 49514, 95690
44616, 1264, 2558, 60061, 108499
52291, 1139, 2590, 61386, 117406
17441, 671, 2184, 133255, 153551
44772, 1046, 2730, 64771, 113319
32261, 967, 2652, 52931, 88811
36925, 889, 2574, 42479, 82867
41043, 1030, 2699, 57096, 101868
40466, 890, 2621, 50434, 94411
34133, 1092, 2683, 56285, 94193
2793, 1092, 2246, 12012, 18143
28844, 874, 2730, 54366, 86814
41293, 889, 2699, 79591, 124472
3198, 0, 2200, 11622, 17020
47471, 1060, 2762, 74802, 126095
2823, 0, 2372, 11871, 17066
35397, 1591, 2558, 66784, 106330
60185, 1716, 2543, 99840, 164284
43118, 1669, 2715, 73741, 121243
39858, 842, 2699, 50482, 93881
8548, 843, 2340, 115097, 126828
48313, 1045, 2886, 68656, 120900
41402, 1077, 2465, 94224, 139168
2792, 0, 2278, 11934, 17004
42214, 999, 2667, 51917, 97797
43243, 1077, 2745, 67361, 114426
20030, 874, 2230, 110152, 133286
2918, 483, 2075, 12168, 17644
60481, 1856, 2590, 106626, 171553
58750, 1451, 2574, 124956, 187731
3198, 0, 2091, 12448, 17737
44507, 1092, 2746, 61417, 109762
41511, 1124, 2730, 123365, 168730
2948, 0, 1997, 42494, 47439
45536, 1201, 2621, 47190, 96548
52728, 1326, 2824, 125487, 182365
47471, 1388, 2808, 82166, 133833
47470, 1170, 2637, 59405, 110682
40607, 1076, 2636, 63789, 108108
40654, 1014, 2542, 71870, 116080
43259, 1279, 2683, 61495, 108716
42229, 889, 2543, 50217, 95878
3027, 0, 2231, 12074, 17332
34148, 999, 2589, 47908, 85644
34663, 1155, 2636, 55614, 94068
49608, 1232, 2621, 92056, 145517
35989, 905, 2683, 48485, 88062
51371, 1279, 2481, 82945, 138076
41387, 1279, 2512, 78327, 123505
48297, 1186, 2527, 91978, 143988
35599, 1092, 2683, 49624, 88998
2761, 0, 2121, 11810, 16692
35755, 858, 2606, 60918, 100137
5881, 827, 1966, 19282, 27956
15272, 687, 2511, 38408, 56878
31590, 1108, 2512, 52837, 88047
24788, 1030, 2636, 35678, 64132
8034, 718, 2059, 29391, 40202
12589, 1201, 2371, 36801, 52962
2730, 390, 2075, 64694, 69889
38969, 905, 2886, 100526, 143286
6427, 936, 2231, 30217, 39811
11154, 1045, 2216, 66596, 81011
46660, 1217, 2746, 50544, 101167
9641, 733, 2121, 95145, 107640
20108, 905, 2137, 88187, 111337
21091, 1108, 2293, 33478, 57970
28720, 998, 2465, 30171, 62354
45271, 1092, 2652, 54990, 104005
46738, 1170, 2683, 72368, 122959
29640, 811, 2574, 30374, 63399
6567, 624, 2216, 18454, 27861
3073, 0, 2122, 11903, 17098
33197, 967, 2449, 49249, 85862
2184, 437, 2215, 100464, 105300
16848, 967, 2371, 29734, 49920
29827, 1264, 2511, 31029, 64631
9126, 890, 2324, 34133, 46473
34804, 1123, 2543, 40139, 78609
26801, 967, 2699, 28735, 59202
42354, 999, 2683, 57205, 103241
8705, 843, 2215, 34055, 45818
15944, 702, 2386, 31403, 50435
43789, 1170, 2777, 66440, 114176
2901, 0, 2418, 11981, 17300
47284, 1139, 2761, 66487, 117671
23478, 1076, 2668, 36473, 63695
39967, 1263, 2637, 69248, 113115
2979, 0, 2169, 42385, 47533
26083, 1014, 2606, 52291, 81994
29765, 921, 2605, 52244, 85535
2745, 827, 2091, 12214, 17877
38470, 1029, 2403, 49561, 91463
34148, 858, 2528, 55177, 92711
36894, 1232, 2621, 63555, 104302
47408, 1108, 2652, 54147, 105315
45630, 1014, 2528, 49811, 98983
2652, 0, 2278, 11872, 16802
44616, 1045, 2450, 49733, 97844
10889, 530, 2402, 104692, 118513
2060, 0, 1996, 41465, 45521
43025, 952, 2808, 51433, 98218
52026, 1124, 2714, 73695, 129559
27050, 889, 2387, 107516, 137842
53414, 1248, 2714, 85223, 142599
45802, 1310, 2574, 49483, 99169
14352, 780, 2247, 112117, 129496
23509, 968, 2199, 130962, 157638
46707, 1139, 2589, 69108, 119543
43322, 1107, 2590, 58391, 105410
3728, 484, 2200, 74147, 80559
44569, 1155, 2480, 63523, 111727
46706, 936, 2418, 60404, 110464
51028, 1451, 2433, 57767, 112679
44943, 890, 2808, 47892, 96533
47440, 1076, 2621, 71432, 122569
44632, 1295, 2480, 67392, 115799
47081, 795, 2777, 56301, 106954
52088, 1311, 2636, 106049, 162084
2746, 0, 2184, 12480, 17410
50060, 1170, 2465, 57377, 111072
30670, 858, 2277, 84178, 117983
42011, 920, 2528, 69108, 114567
52307, 1201, 2465, 99793, 155766
2746, 0, 2121, 42853, 47720
29062, 1389, 2777, 29998, 63226
31341, 1217, 2776, 37518, 72852
7660, 780, 2309, 33446, 44195
6428, 436, 2278, 30716, 39858
53789, 1154, 2449, 86190, 143582
47377, 1232, 2590, 93335, 144534
54475, 1076, 2637, 105768, 163956
38953, 1591, 2512, 65317, 108373
37206, 874, 2745, 53540, 94365
32698, 749, 2777, 47751, 83975
5913, 702, 2137, 19281, 28033
44912, 1841, 2730, 83179, 132662
27784, 749, 2792, 27300, 58625
50809, 1280, 2652, 78281, 133022
23790, 561, 2574, 30623, 57548
64023, 1185, 2559, 96174, 163941
2761, 811, 2293, 20140, 26005
52869, 1170, 2730, 75707, 132476
63118, 936, 2979, 96798, 163831
56191, 1233, 2589, 114520, 174533
2886, 0, 2293, 12418, 17597
13728, 811, 2403, 59919, 76861
1857, 0, 2309, 40856, 45022
35942, 1045, 2902, 78531, 118420
34788, 951, 2762, 78983, 117484
37081, 1201, 2652, 56831, 97765
53695, 1030, 2761, 77922, 135408
38033, 1061, 2823, 57533, 99450
41496, 998, 2761, 57674, 102929
36675, 1014, 2762, 89435, 129886
36582, 936, 2683, 65645, 105846
45053, 1060, 2543, 58734, 107390
45333, 1014, 2543, 77610, 126500
50778, 1154, 2512, 75754, 130198
2808, 0, 2215, 12168, 17191
48283, 1045, 2652, 66534, 118514
37955, 936, 2559, 48812, 90262
49312, 1232, 2683, 59234, 112461
46192, 967, 2621, 85566, 135346
51636, 1139, 2387, 91353, 146515
2714, 0, 2215, 51340, 56269
46675, 733, 2636, 104817, 154861
54335, 1201, 2543, 123521, 181600
39796, 1030, 2620, 100699, 144145
15865, 765, 2402, 98109, 117141
52665, 1155, 2745, 82946, 139511
52073, 998, 2684, 71245, 127000
39936, 1092, 2714, 105472, 149214
45068, 1045, 2746, 108935, 157794
44039, 1217, 2558, 117141, 164955
45459, 967, 3011, 57142, 106579
48735, 1076, 2839, 73367, 126017
6177, 656, 2215, 25833, 34881
42230, 951, 2730, 50529, 96440
45568, 920, 2558, 49593, 98639
28860, 951, 2637, 28610, 61058
26442, 889, 2605, 34429, 64365
34133, 1310, 2762, 43851, 82056
55147, 1419, 2668, 85301, 144535
31340, 889, 2668, 44335, 79232
43040, 1014, 2668, 73289, 120011
32807, 873, 2777, 38954, 75411
5944, 718, 2043, 21700, 30405
46082, 1420, 2683, 61761, 111946
37424, 874, 2995, 51153, 92446
20139, 905, 2481, 35209, 58734
2886, 0, 2169, 12417, 17472
2824, 670, 2231, 12106, 17831
53929, 1217, 2839, 72572, 130557
16381, 889, 2496, 62010, 81776
31980, 1014, 2652, 42463, 78109
51402, 1139, 2793, 73304, 128638
13041, 702, 2200, 86673, 102616
31153, 1310, 2777, 54647, 89887
35412, 1030, 2620, 49936, 88998
35537, 1233, 2433, 52401, 91604
42806, 1030, 2808, 57377, 104021
45411, 1264, 2808, 70902, 120385
49436, 1607, 2683, 70544, 124270
38142, 1513, 2808, 73040, 115503
45349, 998, 2606, 51183, 100136
42542, 1154, 2449, 77969, 124114
43727, 858, 2745, 47752, 95082
3260, 0, 2324, 12309, 17893
7192, 811, 2153, 145236, 155392
2839, 0, 2247, 47860, 52946
45521, 1435, 2714, 59623, 109293
49702, 1014, 2527, 84506, 137749
42338, 983, 3120, 60591, 107032
27004, 905, 2511, 109575, 139995
45271, 1186, 3011, 65613, 115081
63602, 1326, 2730, 133442, 201100
49623, 1202, 2854, 98608, 152287
38688, 952, 2605, 51480, 93725
58126, 1887, 2637, 111400, 174050
47300, 1060, 2606, 62665, 113631
38766, 826, 2808, 50217, 92617
53913, 1233, 2745, 95036, 152927
29359, 890, 2449, 34179, 66877
27425, 733, 2668, 31668, 62494
6209, 671, 2184, 33368, 42432
49936, 983, 2792, 111197, 164908
23478, 749, 2683, 32464, 59374
43665, 1185, 2590, 89138, 136578
51839, 1435, 2839, 51496, 107609
41715, 967, 2559, 75332, 120573
39047, 983, 2449, 61698, 104177
70731, 1295, 2589, 130729, 205344
63305, 1107, 2715, 92243, 159370
9032, 936, 2169, 33212, 45349
61839, 1264, 2854, 102149, 168106
37581, 951, 2652, 78687, 119871
44756, 1077, 2465, 72087, 120385
36176, 874, 2761, 52806, 92617
52198, 1263, 2465, 118529, 174455
39765, 1045, 2761, 62229, 105800
35927, 1124, 2574, 62727, 102352
40217, 1076, 2684, 88062, 132039
7613, 826, 2403, 85737, 96579
2074, 0, 2075, 41309, 45458
42542, 1061, 2683, 75036, 121322
25662, 1060, 2574, 55459, 84755
50045, 1154, 2730, 88842, 142771
35692, 1217, 2590, 52728, 92227
43103, 1046, 2730, 98841, 145720
27300, 967, 2402, 68921, 99590
43695, 1077, 2543, 77859, 125174
40606, 921, 2792, 76690, 121009
38344, 1014, 2840, 89419, 131617
3760, 1170, 2137, 84053, 91120
47783, 1248, 2559, 55738, 107328
50559, 1155, 2433, 88952, 143099
47174, 1139, 2699, 90355, 141367
64506, 1295, 2589, 99388, 167778
50856, 1154, 2590, 76503, 131103
52494, 1497, 2652, 124582, 181225
42807, 936, 2480, 70387, 116610
50996, 1061, 2683, 88453, 143193
46988, 982, 2621, 55661, 106252
21045, 795, 2434, 67688, 91962
44304, 1045, 2512, 57424, 105285
53649, 1185, 2715, 102133, 159682
51106, 1560, 2839, 45786, 101291
9844, 811, 2215, 136797, 149667
34835, 1482, 2917, 44398, 83632
49687, 1606, 2496, 99326, 153115
41621, 1623, 2496, 79466, 125206
31606, 1248, 2589, 50076, 85519
39437, 1576, 2730, 50513, 94256
36348, 998, 2855, 51106, 91307
51339, 2153, 2777, 55895, 112164
59514, 936, 2621, 105955, 169026
5960, 717, 2200, 29328, 38205
53415, 1263, 2824, 53898, 111400
41060, 951, 2871, 78312, 123194
47128, 967, 2683, 92477, 143255
50091, 1280, 2714, 111712, 165797
11559, 796, 2496, 37658, 52509
6505, 780, 2106, 34289, 43680
53524, 920, 2621, 114301, 171366
23291, 733, 2480, 33696, 60200
37238, 1076, 2761, 73352, 114427
29313, 811, 2496, 43789, 76409
2013, 0, 2059, 38594, 42666
17269, 952, 2308, 63851, 84380
35958, 967, 2761, 47549, 87235
36645, 1294, 2543, 67486, 107968
50326, 1185, 2652, 61808, 115971
45895, 1029, 2543, 66768, 116235
39873, 1170, 2543, 87813, 131399
49842, 1264, 2605, 43431, 97142
41028, 1466, 2793, 75254, 120541
48953, 1108, 2496, 77891, 130448
42807, 1419, 2824, 86954, 134004
50794, 904, 2730, 56441, 110869
65333, 1046, 2496, 93553, 162428
50264, 1076, 2621, 40061, 94022
45115, 1201, 2496, 100324, 149136
38813, 936, 2652, 70169, 112570
57674, 1248, 2730, 93850, 155502
54397, 1154, 2715, 85051, 143317
46207, 967, 2699, 76690, 126563
59343, 1170, 2776, 94490, 157779
51153, 1185, 2746, 133724, 188808
55708, 1186, 2761, 96049, 155704
39483, 1139, 2839, 57830, 101291
38469, 1139, 2808, 58360, 100776
2871, 0, 2308, 12543, 17722
2901, 0, 2106, 12730, 17737
45333, 1201, 2637, 76066, 125237
39281, 1076, 2699, 104879, 147935
49187, 1076, 2746, 92570, 145579
37237, 874, 2543, 42837, 83491
55941, 999, 2839, 80683, 140462
38922, 952, 2527, 47034, 89435
10889, 795, 2262, 33072, 47018
26567, 780, 2698, 40732, 70777
47128, 967, 2636, 61168, 111899
54022, 1014, 2762, 64709, 122507
32417, 889, 2574, 42698, 78578
50373, 1326, 2792, 65926, 120417
6926, 687, 2293, 116329, 126235
33072, 1014, 2792, 45724, 82602
29703, 889, 2543, 56332, 89467
52884, 1030, 2574, 56409, 112897
48922, 982, 2668, 108732, 161304
35880, 952, 2761, 78718, 118311
60715, 1248, 2699, 95706, 160368
3291, 0, 2309, 12620, 18220
3074, 0, 2293, 12137, 17504
44429, 951, 2683, 89950, 138013
52151, 1311, 2730, 76299, 132491
19562, 874, 2464, 56582, 79482
41808, 1607, 2527, 54569, 100511
35287, 1123, 2403, 68936, 107749
34788, 1560, 2636, 61262, 100246
47065, 1233, 2652, 92289, 143239
35475, 1279, 2730, 56285, 95769
53368, 1482, 2761, 66441, 124052
29936, 764, 2730, 56270, 89700
54522, 1248, 2808, 117796, 176374
52151, 1186, 2667, 69374, 125378
68234, 1373, 2855, 97203, 169665
51542, 1046, 2496, 55567, 110651
3136, 437, 2168, 105955, 111696
42651, 951, 2777, 53758, 100137
46909, 936, 2808, 60029, 110682
38891, 936, 2698, 64117, 106642
54928, 1248, 2543, 123973, 182692
49015, 858, 2746, 77220, 129839
41995, 983, 2558, 112087, 157623
43415, 889, 2746, 92258, 139308
47331, 1029, 2668, 82509, 133537
67532, 1264, 2527, 96346, 167669
52135, 1154, 2730, 74693, 130712
44507, 1030, 2620, 68079, 116236
49764, 1139, 2683, 99871, 153457
42042, 905, 2886, 85442, 131275
43306, 1186, 2683, 102851, 150026
2106, 0, 2199, 40997, 45302
11731, 671, 2386, 32573, 47361
42854, 967, 2621, 60933, 107375
30388, 1170, 2621, 37706, 71885
31621, 936, 2590, 36816, 71963
47065, 1170, 2792, 83320, 134347
47924, 1014, 2496, 106423, 157857
51511, 1076, 2637, 51246, 106470
63398, 1373, 2652, 102336, 169759
12278, 795, 2153, 124597, 139823
67641, 1264, 2699, 93881, 165485
27940, 749, 2839, 51745, 83273
58063, 1077, 2667, 98624, 160431
60637, 1591, 2543, 108124, 172895
31793, 951, 2528, 49748, 85020
42182, 1155, 2667, 66846, 112850
58438, 1029, 2761, 105550, 167778
40997, 1123, 2605, 72821, 117546
14649, 1076, 2621, 33353, 51699
35833, 1342, 2496, 51277, 90948
40747, 1248, 2465, 72821, 117281
51184, 1061, 2621, 92960, 147826
27674, 1045, 2730, 56956, 88405
1903, 0, 2075, 40170, 44148
44959, 1155, 2543, 87984, 136641
50856, 1420, 2652, 75785, 130713
50731, 1685, 2792, 41247, 96455
33634, 1107, 2715, 55926, 93382
31762, 1279, 2699, 60044, 95784
2667, 0, 2231, 47159, 52057
57501, 2044, 2761, 104676, 166982
27643, 1186, 2512, 106688, 138029
60981, 1528, 2668, 118186, 183363
15382, 827, 2199, 92119, 110527
35927, 1778, 2792, 72338, 112835
67782, 1264, 2558, 89482, 161086
67096, 2106, 2683, 83788, 155673
43165, 827, 2730, 63524, 110246
59592, 1108, 2636, 99809, 163145
45022, 1029, 2606, 66378, 115035
23384, 858, 2325, 132709, 159276
42058, 2121, 2746, 90870, 137795
72540, 1638, 2699, 105846, 182723
60559, 1763, 2714, 108264, 173300
40795, 1092, 2620, 82322, 126829
47627, 1185, 2793, 98389, 149994
53087, 1467, 2496, 109200, 166250
45380, 1014, 2715, 79903, 129012
40155, 1061, 2620, 50451, 94287
10873, 873, 2278, 97625, 111649
43945, 1295, 2871, 53149, 101260
45006, 920, 2855, 55474, 104255
35209, 951, 2543, 86799, 125502
46426, 858, 2590, 78530, 128404
45271, 1357, 2917, 72696, 122241
50388, 1092, 2637, 108482, 162599
19204, 717, 2574, 27846, 50341
10764, 812, 2324, 43337, 57237
26348, 905, 2527, 46863, 76643
75255, 1076, 2699, 86159, 165189
61090, 1357, 2979, 113241, 178667
42588, 921, 2745, 64101, 110355
36894, 1217, 2512, 88015, 128638
36660, 999, 2808, 43056, 83523
43961, 1248, 2621, 80714, 128544
49483, 1123, 2746, 109185, 162537
27722, 577, 2683, 33603, 64585
25194, 640, 2730, 31668, 60232
39266, 1076, 2933, 72961, 116236
50138, 1108, 2605, 71776, 125627
46285, 1279, 2652, 98124, 148340
31481, 921, 2823, 58141, 93366
2855, 0, 2277, 12153, 17285
1919, 0, 2215, 40903, 45037
58797, 1216, 2590, 101790, 164393
23821, 873, 2606, 24663, 51963
40762, 1061, 2590, 116470, 160883
56316, 1077, 2854, 102196, 162443
2714, 0, 2371, 40389, 45474
62619, 1388, 2730, 118249, 184986
37316, 951, 2387, 122476, 163130
38688, 983, 2652, 69779, 112102
48157, 1622, 2528, 91525, 143832
41152, 1108, 2855, 46223, 91338
39983, 1030, 2574, 83975, 127562
45209, 1607, 2511, 91276, 140603
68546, 1295, 2512, 111852, 184205
55287, 1264, 2698, 87111, 146360
40123, 889, 2730, 76253, 119995
57813, 1295, 2746, 83007, 144861
43774, 920, 2886, 54631, 102211
40700, 905, 2949, 79404, 123958
2667, 94, 2262, 12153, 17176
60622, 1622, 2558, 111057, 175859
2980, 187, 2169, 11903, 17239
2886, 639, 2325, 11949, 17799
59171, 1732, 2558, 138482, 201943
60216, 1295, 2886, 88857, 153254
63180, 1248, 2699, 103927, 171054
55786, 1154, 2668, 113599, 173207
3026, 110, 2215, 11793, 17144
2777, 1591, 2090, 12215, 18673
17550, 655, 2543, 28173, 48921
24555, 1310, 2637, 31449, 59951
39546, 842, 2590, 46192, 89170
42198, 874, 2652, 47596, 93320
30186, 936, 2621, 52073, 85816
33369, 982, 2652, 52838, 89841
56269, 1857, 2418, 72103, 132647
14726, 936, 2325, 95566, 113553
35209, 1108, 2387, 66799, 105503
47455, 1217, 2574, 76393, 127639
39078, 905, 2589, 67673, 110245
58921, 1358, 2418, 81198, 143895
2886, 686, 2215, 11950, 17737
3026, 609, 2059, 12386, 18080
36176, 1779, 2605, 53368, 93928
32557, 983, 2886, 42931, 79357
2776, 437, 2278, 12402, 17893
2948, 297, 2293, 12183, 17721
3182, 0, 2262, 11731, 17175
49530, 1310, 2652, 84942, 138434
3057, 0, 2169, 11762, 16988
49468, 1232, 2683, 90371, 143754
3026, 390, 2153, 28096, 33665
2839, 0, 2168, 11903, 16910
2730, 0, 2309, 12043, 17082
31886, 1046, 2730, 51417, 87079
2839, 0, 2262, 11903, 17004
32355, 920, 2792, 54366, 90433
59187, 1529, 2652, 105003, 168371
18564, 874, 2355, 66644, 88437
2979, 0, 2247, 12417, 17643
38641, 1077, 2683, 91244, 133645
2824, 0, 2121, 12512, 17457
46457, 951, 2730, 121166, 171304
20873, 1045, 2277, 131899, 156094
2714, 0, 2387, 45131, 50232
2932, 1061, 2028, 33696, 39717
2824, 0, 2340, 12433, 17597
1857, 0, 2200, 42588, 46645
17613, 1435, 2153, 136640, 157841
2683, 0, 2293, 12449, 17425
8175, 655, 2137, 89825, 100792
3291, 203, 2122, 106954, 112570
15834, 905, 2262, 87376, 106377
11185, 671, 2309, 86206, 100371
23400, 967, 2480, 24680, 51527
2995, 0, 2122, 12012, 17129
38610, 983, 2480, 117188, 159261
59576, 983, 2527, 101588, 164674
19110, 936, 2496, 64241, 86783
30545, 1232, 2356, 122632, 156765
16551, 921, 2496, 28704, 48672
2902, 0, 2168, 11966, 17036
64865, 1014, 2496, 124130, 192505
42603, 1311, 2636, 82961, 129511
3869, 609, 2168, 81557, 88203
42198, 1342, 2730, 130837, 177107
12121, 796, 2402, 82337, 97656
3167, 0, 2215, 12386, 17768
34617, 983, 2340, 128372, 166312
64709, 1061, 2480, 113287, 181537
2855, 0, 2231, 12589, 17675
31184, 921, 2714, 41699, 76518
59311, 1014, 2528, 145797, 208650
45724, 1029, 2652, 64678, 114083
2933, 0, 2402, 12277, 17612
2917, 0, 2309, 12012, 17238
12433, 827, 2356, 90807, 106423
2839, 0, 2309, 11653, 16801
2855, 0, 2230, 11841, 16926
2808, 0, 2044, 11934, 16786
30139, 827, 2746, 41074, 74786
2714, 109, 2091, 12059, 16973
28751, 795, 2699, 71900, 104145
2870, 0, 2356, 11918, 17144
3026, 0, 2059, 12356, 17441
2964, 0, 2247, 11684, 16895
28283, 702, 2792, 41294, 73071
2933, 0, 2200, 11762, 16895
3105, 0, 1965, 12169, 17239
28220, 796, 2668, 73663, 105347
45193, 1217, 2683, 91073, 140166
51777, 1185, 2683, 71963, 127608
3073, 0, 2200, 12589, 17862
2965, 0, 2152, 13182, 18299
2839, 0, 2215, 12387, 17441
2964, 0, 2153, 12308, 17425
49436, 1264, 2605, 97890, 151195
2839, 0, 2231, 12074, 17144
2745, 0, 2169, 49639, 54553
3651, 0, 2074, 12668, 18393
2090, 0, 2262, 40467, 44819
9172, 905, 2247, 36285, 48609
23930, 765, 2589, 28548, 55832
2886, 0, 2449, 11888, 17223
73243, 1138, 2465, 88951, 165797
22589, 1045, 2122, 125144, 150900
9407, 921, 2324, 127780, 140432
2762, 0, 2137, 12355, 17254
27424, 1514, 2464, 70513, 101915
39063, 983, 2418, 130634, 173098
41403, 998, 2543, 144269, 189213
45302, 1186, 2620, 68391, 117499
45412, 936, 3322, 65926, 115596
53835, 1529, 2574, 58500, 116438
2683, 0, 2278, 12262, 17223
59311, 1731, 2481, 110854, 174377
3058, 250, 2199, 12449, 17956
47190, 905, 2652, 70559, 121306
2964, 0, 2293, 12558, 17815
80652, 1419, 2512, 105144, 189727
65644, 1046, 3541, 132272, 202503
2886, 0, 2184, 12480, 17550
74162, 1310, 2746, 116407, 194625
25708, 624, 2840, 27970, 57142
32152, 889, 2605, 42230, 77876
2808, 0, 2434, 12106, 17348
30732, 967, 2761, 37737, 72197
29874, 1046, 2636, 46316, 79872
41824, 1186, 2683, 102508, 148201
2932, 0, 2184, 12995, 18111
2933, 0, 2199, 12184, 17316
28142, 890, 2808, 57455, 89295
2964, 219, 2262, 12870, 18315
52104, 1108, 2776, 105893, 161881
2949, 0, 2324, 49499, 54772
40294, 1295, 2793, 98841, 143223
61808, 1295, 2823, 155174, 221100
10358, 796, 2355, 115924, 129433
2995, 0, 2278, 12652, 17925
2871, 0, 2542, 12231, 17644
42650, 999, 2511, 58485, 104645
3074, 358, 2387, 13135, 18954
3058, 0, 2231, 12402, 17691
3057, 0, 2200, 12667, 17924
44601, 1045, 2652, 58281, 106579
47471, 968, 2698, 63024, 114161
2980, 0, 2231, 12620, 17831
46660, 920, 2606, 71448, 121634
2715, 0, 2433, 12964, 18112
49889, 1092, 2637, 77282, 130900
2964, 1061, 2340, 12761, 19126
3354, 0, 2231, 12605, 18190
49328, 982, 2730, 80044, 133084
2075, 0, 2278, 41153, 45506
3276, 0, 2075, 12636, 17987
51339, 1046, 2808, 73413, 128606
45427, 874, 2792, 58001, 107094
45911, 1076, 2715, 90932, 140634
2870, 0, 2216, 12199, 17285
3073, 0, 2168, 12886, 18127
18751, 827, 2434, 30560, 52572
26692, 1108, 2558, 26036, 56394
52057, 1108, 2683, 90699, 146547
71791, 920, 2574, 91822, 167107
30732, 1326, 2824, 32697, 67579
30841, 780, 2761, 33821, 68203
28751, 733, 2902, 33649, 66035
57627, 1263, 2606, 90027, 151523
27783, 1342, 2792, 44897, 76814
2933, 265, 2465, 12059, 17722
2917, 0, 2168, 12543, 17628
46005, 1388, 2606, 83678, 133677
3042, 0, 2293, 12745, 18080
22496, 920, 2652, 110027, 136095
43446, 1014, 2746, 55099, 102305
3089, 0, 2340, 12854, 18283
25444, 780, 2621, 84256, 113101
32105, 873, 2559, 36363, 71900
2855, 437, 2231, 12652, 18175
3198, 0, 2231, 12699, 18128
2823, 0, 2200, 12558, 17581
2855, 0, 2262, 12293, 17410
49905, 1107, 2652, 71916, 125580
3183, 0, 2184, 48531, 53898
33134, 889, 2605, 79623, 116251
27269, 765, 2433, 86066, 116533
32105, 1061, 2636, 70715, 106517
3042, 327, 2356, 12620, 18345
31106, 1045, 2543, 75816, 110510
2932, 0, 2216, 11809, 16957
47908, 1419, 2777, 100714, 152818
59545, 1310, 2839, 112648, 176342
2949, 156, 2262, 12090, 17457
3042, 0, 2075, 12807, 17924
25631, 733, 2418, 76144, 104926
1856, 0, 2231, 41636, 45723
23759, 826, 2621, 106860, 134066
48001, 1014, 2621, 68999, 120635
2777, 0, 2402, 12480, 17659
23431, 905, 2465, 136235, 163036
49998, 1201, 2730, 80964, 134893
21513, 827, 2542, 25350, 50232
48594, 983, 2652, 97828, 150057
14508, 765, 2652, 51636, 69561
2824, 0, 2355, 11887, 17066
22636, 889, 2324, 87906, 113755
45459, 998, 2496, 75723, 124676
24866, 530, 2715, 25085, 53196
718, 0, 2059, 16832, 19609
3058, 0, 2184, 12979, 18221
58484, 1108, 2667, 111603, 173862
36036, 1061, 2574, 65770, 105441
1856, 0, 2340, 40888, 45084
3074, 0, 2059, 12698, 17831
5960, 577, 2090, 144597, 153224
2793, 359, 2340, 12214, 17706
3900, 687, 2355, 81214, 88156
3073, 0, 2387, 12199, 17659
3073, 0, 2387, 12324, 17784
2730, 0, 2309, 11934, 16973
2699, 0, 2277, 12371, 17347
32308, 889, 2605, 52978, 88780
2964, 0, 2246, 12745, 17955
2870, 0, 2325, 12620, 17815
32432, 1108, 2590, 125018, 161148
29390, 1014, 2668, 34039, 67111
2543, 0, 2371, 12012, 16926
2730, 0, 2293, 12168, 17191
2948, 0, 2449, 12262, 17659
2964, 0, 2371, 12308, 17643
2730, 0, 2184, 13073, 17987
46286, 1060, 2652, 67907, 117905
2777, 0, 2340, 12417, 17534
32058, 1076, 2683, 88125, 123942
2933, 0, 2262, 12340, 17535
2980, 0, 2309, 12152, 17441
2917, 0, 2137, 12231, 17285
2793, 0, 2230, 48626, 53649
30155, 998, 2699, 45677, 79529
2621, 0, 2387, 12324, 17332
2777, 0, 2433, 12028, 17238
28751, 920, 2777, 74974, 107422
3011, 0, 2152, 12605, 17768
28938, 1092, 2621, 71994, 104645
2870, 0, 2153, 12199, 17222
2918, 0, 2371, 11731, 17020
51792, 1201, 2496, 66207, 121696
2980, 0, 2059, 12199, 17238
3089, 0, 2074, 12449, 17612
2964, 0, 2106, 12402, 17472
2964, 0, 2216, 12136, 17316
2761, 0, 2356, 12324, 17441
2793, 0, 2308, 12231, 17332
2949, 0, 2137, 11762, 16848
51870, 1513, 2746, 90371, 146500
2933, 0, 2293, 12480, 17706
2980, 0, 2074, 12309, 17363
2871, 0, 2199, 12012, 17082
2777, 0, 2262, 11341, 16380
2793, 0, 2215, 11747, 16755
702, 0, 1872, 16894, 19468
2730, 0, 2309, 11497, 16536
2886, 0, 2028, 12448, 17362
1997, 0, 2184, 39640, 43821
2792, 0, 2184, 11903, 16879
2714, 0, 2247, 11996, 16957
2793, 0, 2277, 11778, 16848
1965, 0, 2262, 39390, 43617
2824, 0, 2153, 11934, 16911
2948, 0, 2028, 12668, 17644
2840, 0, 2152, 12028, 17020
2949, 0, 1965, 12465, 17379
2746, 0, 2418, 11934, 17098
2762, 0, 2308, 11903, 16973
2995, 0, 1981, 12184, 17160
2886, 0, 2153, 12526, 17565
53321, 1467, 2636, 109746, 167170
2854, 0, 2262, 12075, 17191
3027, 0, 2262, 12027, 17316
2918, 0, 2168, 12043, 17129
2698, 0, 2184, 11888, 16770
2761, 0, 2293, 12199, 17253
2933, 0, 2262, 12418, 17613
3167, 0, 2153, 12667, 17987
515, 0, 2169, 16879, 19563
2012, 0, 2325, 39764, 44101
3432, 0, 2138, 12994, 18564
17659, 702, 2652, 29687, 50700
2901, 0, 2294, 12183, 17378
27596, 999, 2589, 33540, 64724
3151, 0, 2169, 12339, 17659
2886, 0, 2153, 12667, 17706
2949, 0, 2308, 12028, 17285
29282, 842, 2746, 41340, 74210
2870, 0, 2262, 11919, 17051
29016, 858, 2995, 40186, 73055
2964, 0, 2356, 11934, 17254
2823, 0, 2200, 11950, 16973
2917, 0, 2137, 12044, 17098
31231, 936, 2621, 34148, 68936
8861, 936, 2355, 89467, 101619
2839, 0, 2356, 12838, 18033
40997, 1996, 2543, 66846, 112382
45006, 1155, 2870, 57190, 106221
3244, 0, 2325, 12043, 17612
3152, 0, 2496, 12511, 18159
30997, 905, 2527, 31059, 65488
2855, 0, 2043, 12543, 17441
33525, 1950, 2496, 82477, 120448
2762, 0, 2371, 12698, 17831
2933, 0, 2262, 12511, 17706
2948, 0, 2340, 12137, 17425
2949, 0, 2137, 12386, 17472
3011, 0, 2169, 11965, 17145
8206, 405, 2091, 127514, 138216
2854, 0, 2091, 12277, 17222
2777, 0, 2356, 11902, 17035
2730, 0, 2433, 43243, 48406
2823, 0, 2371, 12215, 17409
31871, 1841, 2558, 49265, 85535
3026, 0, 1950, 12278, 17254
3027, 0, 2121, 12013, 17161
2996, 0, 2184, 12324, 17504
3183, 0, 2184, 12199, 17566
3120, 0, 2137, 12106, 17363
1966, 0, 2262, 39359, 43587
2933, 0, 2246, 12605, 17784
2933, 0, 2324, 12636, 17893
468, 0, 2137, 17987, 20592
3167, 0, 2372, 13166, 18705
3073, 0, 2231, 12527, 17831
2995, 0, 2402, 12293, 17690
2917, 0, 2496, 12106, 17519
2964, 0, 2340, 12246, 17550
2699, 0, 2293, 12699, 17691
2808, 0, 2309, 12574, 17691
2995, 0, 2340, 11934, 17269
2761, 0, 2325, 11996, 17082
39826, 1810, 2590, 103958, 148184
2667, 0, 2340, 13058, 18065
10031, 780, 2325, 116267, 129403
2917, 0, 2184, 11856, 16957
30966, 1029, 2340, 118264, 152599
27440, 640, 2636, 25412, 56128
20717, 811, 2683, 34195, 58406
1965, 0, 2325, 38688, 42978
51355, 1108, 2574, 91977, 147014
3135, 0, 2153, 12184, 17472
2699, 0, 2153, 12854, 17706
2870, 0, 2184, 12278, 17332
2855, 0, 2325, 12339, 17519
3338, 624, 2231, 86907, 93100
12122, 795, 2231, 76066, 91214
2777, 0, 2293, 12106, 17176
45084, 1357, 2590, 119012, 168043
2933, 0, 2293, 12262, 17488
2777, 0, 2231, 12168, 17176
2948, 0, 2184, 12387, 17519
3026, 0, 2246, 12683, 17955
29733, 1014, 2543, 33197, 66487
3105, 0, 2230, 12044, 17379
827, 0, 2059, 16801, 19687
2777, 0, 2277, 11591, 16645
44663, 904, 2574, 66004, 114145
36972, 1280, 2636, 57970, 98858
2777, 0, 2200, 11528, 16505
2698, 0, 2106, 11888, 16692
29047, 1030, 2542, 68828, 101447
2793, 0, 2168, 12168, 17129
30826, 951, 2668, 34429, 68874
28439, 889, 2839, 38329, 70496
2792, 0, 2216, 13041, 18049
2808, 0, 2309, 12418, 17535
3042, 0, 2075, 12839, 17956
39405, 1170, 2559, 115222, 158356
28081, 780, 2527, 33103, 64491
3011, 0, 2215, 12152, 17378
52525, 1045, 2668, 105113, 161351
3697, 0, 2246, 12714, 18657
3089, 0, 2231, 12152, 17472
2886, 0, 2152, 13058, 18096
3104, 0, 2138, 12682, 17924
2808, 0, 2356, 12277, 17441
2933, 0, 2247, 47377, 52557
2948, 0, 2169, 12059, 17176
2730, 0, 2090, 12886, 17706
2824, 0, 2355, 12309, 17488
2886, 0, 2387, 12339, 17612
3058, 0, 2465, 12636, 18159
2886, 0, 2356, 13244, 18486
31637, 1248, 2652, 57501, 93038
3073, 0, 2278, 12729, 18080
2933, 0, 2309, 12620, 17862
49218, 2106, 2512, 74022, 127858
2824, 0, 2153, 12246, 17223
2730, 0, 2262, 12106, 17098
2761, 0, 2184, 11918, 16863
2949, 0, 2230, 11997, 17176
36270, 1046, 2542, 69233, 109091
2714, 0, 2200, 12480, 17394
39795, 921, 2714, 67002, 110432
2839, 0, 2216, 12480, 17535
49530, 1576, 2558, 110230, 163894
4649, 296, 2340, 109887, 117172
2855, 0, 2168, 12262, 17285
31777, 952, 2667, 45038, 80434
47954, 1529, 2574, 107453, 159510
2917, 0, 2216, 12121, 17254
2932, 0, 2153, 12215, 17300
20093, 1607, 2262, 135580, 159542
54787, 983, 2605, 112554, 170929
37487, 1841, 2668, 77719, 119715
45942, 1264, 2746, 78093, 128045
2823, 0, 2262, 12371, 17456
50903, 1217, 2636, 129496, 184252
2871, 0, 2153, 12417, 17441
37596, 1092, 2683, 52946, 94317
2917, 0, 2465, 12106, 17488
28876, 811, 2668, 50544, 82899
2854, 0, 2169, 11903, 16926
686, 0, 1997, 16739, 19422
1965, 0, 2262, 40186, 44413
2855, 0, 2013, 12090, 16958
2683, 0, 2309, 12059, 17051
2933, 0, 2230, 12340, 17503
2902, 0, 2199, 12387, 17488
26770, 983, 2745, 43353, 73851
34835, 1076, 2715, 48656, 87282
2917, 609, 2262, 12246, 18034
2980, 0, 2199, 12122, 17301
29374, 1014, 2621, 42807, 75816
2808, 0, 2278, 12292, 17378
2901, 0, 2215, 46130, 51246
2901, 0, 2387, 12184, 17472
2902, 0, 2340, 12293, 17535
3120, 0, 2059, 12979, 18158
3167, 0, 2137, 12464, 17768
19203, 1124, 2386, 75895, 98608
3183, 0, 2121, 12995, 18299
36753, 1560, 2777, 81354, 122444
36629, 1170, 2761, 91978, 132538
33134, 1030, 2605, 61854, 98623
2870, 0, 2215, 12480, 17565
2777, 0, 2231, 12839, 17847
42962, 1311, 2745, 67782, 114800
34398, 1139, 2792, 51153, 89482
41200, 1139, 2667, 100324, 145330
32853, 1248, 2699, 58765, 95565
2886, 0, 2184, 11965, 17035
30420, 904, 2668, 39967, 73959
2871, 0, 2355, 12683, 17909
40670, 1201, 2512, 104925, 149308
40170, 1248, 2512, 55224, 99154
2777, 0, 2340, 11966, 17083
2870, 0, 2278, 11965, 17113
2964, 0, 2075, 11888, 16927
45973, 1170, 2730, 78546, 128419
32495, 982, 2762, 56597, 92836
702, 0, 2106, 17176, 19984
44320, 1232, 2699, 87454, 135705
27129, 1107, 2590, 49983, 80809
3105, 0, 2106, 12339, 17550
3448, 0, 2043, 12324, 17815
3089, 0, 2200, 12386, 17675
3057, 0, 2184, 11841, 17082
3151, 0, 2091, 11746, 16988
2901, 0, 2215, 11498, 16614
29484, 1108, 2605, 39328, 72525
2730, 0, 2308, 12137, 17175
2855, 484, 2324, 12402, 18065
3135, 0, 2293, 12090, 17518
3136, 0, 2137, 12293, 17566
2715, 0, 2309, 12339, 17363
3276, 874, 2122, 50637, 56909
3042, 0, 2137, 12262, 17441
2870, 0, 2262, 12199, 17331
3245, 0, 2278, 47673, 53196
2948, 0, 2215, 12402, 17565
2964, 0, 2294, 12636, 17894
2979, 0, 2278, 12168, 17425
2933, 0, 2262, 13088, 18283
31934, 920, 2699, 71323, 106876
34851, 1794, 2558, 65676, 104879
2886, 0, 2340, 11856, 17082
3244, 0, 2262, 11934, 17440
2933, 0, 2247, 11840, 17020
3806, 0, 2215, 12340, 18361
2870, 0, 2247, 12885, 18002
2745, 0, 2294, 12932, 17971
2808, 0, 2403, 12979, 18190
3198, 0, 2153, 13166, 18517
2870, 0, 2434, 12761, 18065
3011, 0, 3167, 11871, 18049
21731, 1435, 2355, 75863, 101384
2730, 0, 2247, 12823, 17800
2793, 0, 2277, 12403, 17473
31403, 1107, 2980, 53695, 89185
38798, 1185, 2465, 97937, 140385
3635, 0, 2184, 12730, 18549
2808, 0, 2153, 12917, 17878
45458, 1326, 2574, 92025, 141383
3198, 0, 2231, 12230, 17659
2855, 0, 2418, 12386, 17659
2855, 0, 2387, 12526, 17768
2808, 0, 2512, 12277, 17597
2122, 0, 2200, 41199, 45521
3182, 0, 2044, 12028, 17254
34336, 1762, 2808, 52229, 91135
40264, 1981, 2684, 63835, 108764
38048, 1279, 2637, 81370, 123334
2948, 0, 2231, 12652, 17831
34398, 1092, 2762, 52884, 91136
640, 0, 2215, 17472, 20327
2808, 0, 2340, 12355, 17503
2871, 671, 2480, 12121, 18143
24196, 1014, 2558, 51262, 79030
33977, 1030, 2683, 46597, 84287
50653, 2075, 2558, 112570, 167856
2917, 0, 2387, 12558, 17862
3089, 0, 2309, 12340, 17738
3105, 0, 2262, 13073, 18440
2964, 0, 2122, 12636, 17722
42151, 2215, 2543, 125144, 172053
2995, 0, 2340, 12605, 17940
2855, 0, 2153, 12449, 17457
2901, 0, 2278, 12324, 17503
31450, 1341, 2512, 62930, 98233
2823, 0, 2294, 11980, 17097
2823, 0, 2215, 12106, 17144
34320, 1326, 2699, 66690, 105035
3011, 0, 2324, 46676, 52011
33633, 905, 2746, 65520, 102804
2901, 0, 2325, 12511, 17737
3026, 0, 2137, 11934, 17097
45084, 1388, 2730, 77205, 126407
26223, 905, 2449, 90886, 120463
3338, 0, 2200, 12402, 17940
31778, 1263, 2730, 35225, 70996
3744, 624, 2293, 85379, 92040
2902, 0, 2168, 12745, 17815
34492, 1388, 2590, 53212, 91682
3011, 0, 2434, 12620, 18065
33072, 1263, 2684, 57860, 94879
32214, 936, 2465, 84646, 120261
21028, 921, 2449, 61199, 85597
32323, 889, 2730, 48797, 84739
47955, 1482, 2699, 65099, 117235
33196, 702, 2574, 56207, 92679
30109, 1248, 2511, 71105, 104973
2949, 0, 2184, 12355, 17488
25881, 811, 2808, 41418, 70918
3151, 0, 2137, 12777, 18065
29593, 905, 2683, 32807, 65988
45147, 1154, 2777, 89934, 139012
23884, 905, 2589, 36395, 63773
30950, 749, 2637, 45895, 80231
52354, 1232, 2621, 104052, 160259
3120, 0, 2184, 12028, 17332
57908, 1294, 2590, 113537, 175329
2870, 0, 2106, 12090, 17066
29749, 842, 2512, 36130, 69233
639, 0, 2028, 16833, 19500
3620, 0, 2059, 12261, 17940
3369, 0, 2325, 12137, 17831
30530, 983, 2823, 31341, 65677
3073, 0, 2153, 12121, 17347
2995, 640, 2402, 12168, 18205
2996, 0, 2308, 12324, 17628
30296, 1575, 2512, 37768, 72151
26068, 1014, 2933, 60403, 90418
3026, 0, 2246, 12309, 17581
32682, 1514, 2605, 38594, 75395
3104, 0, 2184, 11872, 17160
2918, 0, 2355, 46535, 51808
2964, 0, 2403, 12651, 18018
34320, 1669, 2668, 66316, 104973
2855, 0, 2355, 12231, 17441
3136, 0, 2168, 12496, 17800
2013, 0, 2137, 41870, 46020
35178, 1591, 2730, 81370, 120869
2964, 0, 2293, 12308, 17565
46894, 1497, 2574, 72072, 123037
37518, 1358, 2714, 81105, 122695
35350, 1107, 2559, 77625, 116641
2854, 0, 2262, 12278, 17394
15756, 952, 2340, 68749, 87797
2964, 0, 2262, 11622, 16848
2855, 0, 2293, 11638, 16786
3042, 0, 2184, 11684, 16910
34476, 1186, 2683, 46129, 84474
2776, 0, 2122, 12168, 17066
50341, 1233, 2855, 88811, 143240
45833, 1264, 2792, 72150, 122039
2871, 0, 2184, 12386, 17441
45131, 1029, 2730, 64897, 113787
49031, 1045, 2761, 74553, 127390
38938, 1139, 2652, 72119, 114848
34352, 1045, 2886, 46894, 85177
3042, 0, 2090, 12137, 17269
28907, 967, 2387, 125564, 157825
2901, 0, 2356, 12402, 17659
3135, 0, 2247, 12308, 17690
3136, 0, 2231, 12979, 18346
2979, 0, 2200, 12386, 17565
35569, 1014, 2574, 67657, 106814
2996, 0, 2464, 11903, 17363
3011, 0, 2434, 11934, 17379
3089, 0, 2246, 12324, 17659
28813, 1108, 2652, 35989, 68562
34071, 873, 2668, 83710, 121322
3011, 0, 2246, 12605, 17862
3073, 0, 2387, 12620, 18080
2996, 0, 2355, 13292, 18643
749, 0, 1919, 17316, 19984
43087, 1248, 2512, 82197, 129044
2917, 0, 2262, 42744, 47923
30857, 1092, 2792, 47518, 82259
29703, 1170, 2667, 82010, 115550
2855, 0, 2278, 12339, 17472
2839, 0, 2200, 12043, 17082
2777, 0, 2246, 12184, 17207
3026, 0, 2122, 12121, 17269
11856, 920, 2293, 93039, 108108
52837, 858, 2746, 66128, 122569
2995, 0, 2293, 12464, 17752
32152, 826, 2637, 71370, 106985
2901, 0, 2137, 12122, 17160
1872, 0, 2231, 40482, 44585
2901, 0, 2356, 12277, 17534
58251, 1014, 2761, 74599, 136625
54819, 951, 2793, 81900, 140463
2854, 0, 2216, 12480, 17550
2870, 0, 2262, 12215, 17347
2901, 0, 2434, 12652, 17987
11076, 795, 2418, 81713, 96002
34429, 983, 2621, 103912, 141945
2980, 0, 2028, 12121, 17129
2823, 0, 2262, 12933, 18018
45802, 1404, 2714, 85910, 135830
2777, 0, 2215, 12324, 17316
36785, 1591, 2839, 55536, 96751
2776, 0, 2372, 12058, 17206
43852, 1107, 2902, 77922, 125783
22432, 1030, 2496, 82711, 108669
36644, 890, 2776, 68266, 108576
33603, 842, 2714, 46520, 83679
42698, 1216, 2886, 71729, 118529
50544, 1123, 2668, 81510, 135845
2715, 0, 2090, 12043, 16848
2917, 0, 2278, 11700, 16895
34757, 1030, 2714, 55739, 94240
2933, 0, 1997, 11965, 16895
2870, 0, 2028, 12074, 16972
2698, 0, 2075, 12168, 16941
46722, 1404, 2840, 96595, 147561
3322, 0, 2028, 12215, 17565
3276, 0, 2090, 12558, 17924
3042, 0, 2168, 12480, 17690
655, 0, 1935, 17269, 19859
41636, 1264, 2449, 78187, 123536
3447, 0, 2153, 12589, 18189
3260, 0, 2246, 12574, 18080
26302, 1014, 2620, 42354, 72290
3073, 0, 2090, 12901, 18064
2823, 0, 2340, 49998, 55161
2902, 0, 2231, 12339, 17472
2964, 0, 2278, 12292, 17534
2917, 0, 2465, 12168, 17550
34991, 1123, 2730, 96065, 134909
2683, 0, 2153, 12449, 17285
29188, 1264, 2620, 60903, 93975
36707, 1029, 2683, 79373, 119792
3120, 0, 2091, 12324, 17535
10484, 842, 2246, 99685, 113257
33961, 905, 3339, 68016, 106221
3089, 0, 2153, 11903, 17145
2870, 0, 2262, 12371, 17503
36894, 951, 2340, 99513, 139698
1966, 0, 2106, 39842, 43914
58173, 1201, 2792, 78547, 140713
2933, 0, 2231, 12043, 17207
59280, 1170, 2714, 81776, 144940
2917, 0, 2200, 13291, 18408
3027, 0, 2262, 11591, 16880
35474, 874, 2823, 41169, 80340
33759, 842, 2668, 97983, 135252
2901, 0, 2122, 12261, 17284
3010, 0, 2153, 12839, 18002
4493, 858, 2121, 77252, 84724
4118, 0, 2153, 12043, 18314
4009, 0, 2216, 12339, 18564
4119, 0, 2277, 12777, 19173
31808, 936, 2699, 51293, 86736
43415, 1154, 2512, 77267, 124348
39047, 1419, 2715, 55395, 98576
47299, 1186, 2777, 89466, 140728
45037, 983, 2558, 86986, 135564
32760, 998, 2559, 48937, 85254
2995, 0, 2122, 12776, 17893
2808, 718, 2199, 12371, 18096
3308, 0, 2215, 12277, 17800
2917, 0, 2277, 12168, 17362
3105, 0, 2386, 12886, 18377
3042, 0, 2356, 12948, 18346
3104, 0, 2091, 12448, 17643
34601, 1139, 2667, 57190, 95597
50310, 1669, 2636, 100886, 155501
2995, 0, 2216, 12370, 17581
29219, 1498, 2761, 44101, 77579
3214, 0, 2262, 13026, 18502
3089, 0, 2293, 12605, 17987
27269, 2636, 2746, 75005, 107656
41761, 2605, 2652, 80886, 127904
2668, 0, 2340, 12121, 17129
3011, 0, 2153, 48890, 54054
2668, 0, 2122, 12277, 17067
2839, 0, 2294, 12823, 17956
2824, 0, 2215, 12137, 17176
2777, 0, 2152, 12122, 17051
593, 0, 2059, 17519, 20171
2871, 0, 2277, 12121, 17269
2606, 0, 2230, 11934, 16770
26957, 999, 2745, 55630, 86331
686, 0, 2013, 15771, 18470
43071, 1373, 2621, 75442, 122507
2964, 0, 2122, 12761, 17847
2776, 0, 2169, 12792, 17737
10546, 1310, 2294, 98841, 112991
2871, 0, 2153, 12511, 17535
31029, 1138, 2684, 70824, 105675
2793, 0, 2308, 12995, 18096
1857, 0, 2293, 39796, 43946
2792, 0, 2387, 12090, 17269
51527, 1217, 2668, 86533, 141945
2917, 0, 2324, 11997, 17238
40498, 1248, 2542, 74319, 118607
3042, 0, 2169, 12402, 17613
35131, 858, 2730, 35677, 74396
3010, 0, 2184, 12590, 17784
2746, 0, 2356, 12261, 17363
2855, 0, 2402, 11794, 17051
2808, 0, 2153, 11528, 16489
2871, 0, 2184, 11746, 16801
32058, 983, 2574, 46207, 81822
52307, 1263, 2793, 85660, 142023
35864, 1264, 2823, 87969, 127920
31029, 1045, 2777, 50731, 85582
36645, 1014, 2449, 62774, 102882
2979, 219, 2433, 12246, 17877
11700, 1014, 2215, 93288, 108217
3011, 0, 2215, 12620, 17846
32183, 811, 2917, 43930, 79841
2980, 0, 2277, 12808, 18065
3135, 0, 2247, 13041, 18423
38547, 1155, 2605, 97812, 140119
3058, 0, 2496, 12760, 18314
2980, 0, 3198, 11731, 17909
40295, 1404, 2730, 93070, 137499
3479, 0, 2153, 11716, 17348
3651, 0, 2184, 11840, 17675
37004, 967, 2745, 59967, 100683
2777, 0, 2106, 11824, 16707
26847, 1092, 2746, 39078, 69763
2699, 0, 2355, 12231, 17285
2699, 0, 2512, 12324, 17535
2871, 0, 2012, 12090, 16973
2870, 0, 2184, 12059, 17113
32027, 936, 2589, 70294, 105846
2761, 0, 2340, 12043, 17144
609, 0, 2043, 16911, 19563
2979, 0, 2091, 12495, 17565
2933, 0, 2090, 12886, 17909
2745, 0, 2169, 42931, 47845
2777, 0, 2044, 12963, 17784
2854, 0, 2231, 12293, 17378
3026, 0, 2216, 12168, 17410
2902, 0, 2184, 11747, 16833
3042, 0, 2247, 11762, 17051
2995, 0, 2153, 12262, 17410
45896, 1326, 2995, 71776, 121993
29313, 1139, 2652, 64943, 98047
3042, 0, 2262, 12386, 17690
37050, 1014, 2668, 75036, 115768
1826, 0, 2168, 42167, 46161
10717, 827, 2340, 123630, 137514
2933, 0, 2387, 12277, 17597
3120, 0, 2340, 12214, 17674
36223, 1092, 2808, 77891, 118014
2964, 0, 2293, 12948, 18205
3058, 0, 2152, 12231, 17441
2699, 0, 2277, 12075, 17051
17613, 780, 2464, 68157, 89014
2886, 0, 2278, 12137, 17301
2949, 0, 2106, 12292, 17347
2839, 0, 2153, 11918, 16910
5226, 687, 2168, 72961, 81042
29609, 1014, 2496, 82961, 116080
3011, 0, 2168, 12496, 17675
2917, 0, 2387, 12355, 17659
23151, 904, 2574, 80731, 107360
2887, 0, 2464, 12137, 17488
2933, 0, 2293, 12199, 17425
5959, 733, 2418, 30545, 39655
38470, 889, 2559, 105612, 147530
3167, 265, 2371, 16287, 22090
2762, 0, 2230, 12231, 17223
41621, 983, 2418, 121087, 166109
6099, 671, 2293, 37347, 46410
2871, 249, 2169, 12168, 17457
3027, 0, 2043, 12621, 17691
37456, 1076, 2699, 113319, 154550
3214, 203, 2230, 12356, 18003
2839, 0, 2403, 12230, 17472
3074, 0, 2433, 12075, 17582
2871, 0, 2293, 11965, 17129
3058, 0, 2137, 12168, 17363
2824, 0, 2231, 49187, 54242
2839, 0, 2199, 12184, 17222
2855, 0, 2293, 12043, 17191
3354, 0, 2215, 12074, 17643
3151, 0, 2122, 12542, 17815
3370, 608, 2200, 52619, 58797
47034, 1108, 2917, 105035, 156094
686, 0, 2168, 16412, 19266
47658, 1014, 2465, 119823, 170960
2714, 0, 2262, 12418, 17394
3105, 0, 2152, 12293, 17550
2917, 0, 2246, 13104, 18267
20311, 1591, 2418, 44320, 68640
8003, 1295, 2340, 47767, 59405
55021, 1357, 2684, 147794, 206856
3105, 670, 2309, 12293, 18377
56628, 1139, 2683, 125284, 185734
2964, 0, 2387, 12792, 18143
3151, 0, 2309, 12730, 18190
3026, 0, 2325, 12948, 18299
2886, 0, 2402, 12496, 17784
2090, 0, 2371, 43057, 47518
3027, 655, 2199, 14103, 19984
2995, 0, 2169, 12729, 17893
3136, 0, 2277, 12480, 17893
3011, 0, 2340, 12199, 17550
15444, 749, 2464, 72431, 91088
47222, 1154, 2512, 91494, 142382
2730, 0, 2184, 12527, 17441
45661, 936, 2574, 103335, 152506
3385, 0, 2168, 12433, 17986
27019, 936, 2699, 62525, 93179
2839, 0, 2340, 12262, 17441
43134, 1233, 2683, 74521, 121571
2761, 0, 2075, 12526, 17362
2902, 0, 2122, 12589, 17613
2746, 0, 2340, 12355, 17441
3088, 0, 2294, 11996, 17378
10016, 1279, 2433, 40966, 54694
56706, 1622, 2652, 112289, 173269
39827, 936, 2917, 88203, 131883
2964, 0, 2247, 12246, 17457
2684, 0, 2418, 12480, 17582
30358, 826, 2762, 30357, 64303
2979, 0, 2465, 12106, 17550
15335, 905, 2277, 39749, 58266
2948, 0, 2200, 49078, 54226
3073, 0, 2247, 12948, 18268
3167, 0, 2215, 12558, 17940
2964, 0, 2901, 12387, 18252
2699, 0, 2215, 12480, 17394
2746, 0, 2262, 12714, 17722
53134, 1810, 2823, 106736, 164503
28330, 577, 2652, 30077, 61636
57798, 1186, 2808, 108950, 170742
2980, 0, 2387, 12370, 17737
32417, 967, 2605, 65380, 101369
2917, 0, 2278, 12371, 17566
2964, 671, 2387, 107531, 113553
21263, 1108, 2589, 68375, 93335
51184, 1217, 2746, 157778, 212925
3089, 0, 2059, 13276, 18424
57689, 1170, 2605, 128248, 189712
25631, 718, 2683, 44117, 73149
2855, 0, 2199, 13135, 18189
47892, 998, 2387, 84006, 135283
2059, 0, 2246, 38408, 42713
2824, 0, 2262, 12136, 17222
33665, 873, 2606, 52244, 89388
4446, 0, 2309, 12386, 19141
58469, 1170, 2589, 110995, 173223
2949, 0, 2184, 13041, 18174
56379, 1107, 2652, 108358, 168496
3074, 0, 2121, 12948, 18143
36519, 1186, 2761, 49156, 89622
37627, 1029, 2668, 80715, 122039
27565, 2231, 2527, 31715, 64038
2917, 0, 2325, 12199, 17441
43181, 967, 2684, 83491, 130323
2792, 0, 2200, 12620, 17612
2793, 0, 2137, 12152, 17082
2948, 0, 2090, 12122, 17160
2949, 0, 2137, 12308, 17394
2761, 0, 2231, 12214, 17206
2855, 0, 2418, 12059, 17332
20982, 998, 2512, 40107, 64599
2699, 0, 2231, 12807, 17737
2793, 0, 2371, 42572, 47736
2777, 0, 2246, 12090, 17113
43727, 3166, 2465, 81666, 131024
49780, 1919, 2433, 90309, 144441
24851, 952, 2449, 92851, 121103
41231, 2949, 2527, 88670, 135377
50186, 1076, 2481, 78530, 132273
2886, 0, 2153, 12168, 17207
47612, 1076, 2605, 80715, 132008
2949, 0, 2059, 12480, 17488
29063, 905, 2636, 51574, 84178
2762, 0, 2340, 12370, 17472
2917, 0, 2262, 11997, 17176
2886, 0, 2293, 12511, 17690
3089, 0, 2075, 12464, 17628
2777, 0, 2355, 12434, 17566
3089, 0, 2340, 12543, 17972
3058, 0, 2168, 12605, 17831
562, 0, 2121, 16661, 19344
28829, 842, 2808, 30623, 63102
37159, 1123, 2637, 54553, 95472
2777, 0, 2122, 12012, 16911
36379, 1061, 2403, 67829, 107672
29438, 780, 2636, 58063, 90917
2948, 0, 2137, 11654, 16739
27581, 904, 2793, 30638, 61916
3432, 0, 2246, 12309, 17987
2106, 0, 2168, 39702, 43976
2746, 0, 2293, 12261, 17300
51449, 1123, 2621, 80169, 135362
43852, 1107, 2699, 93616, 141274
32136, 1560, 2730, 43259, 79685
51932, 1139, 2777, 77329, 133177
2995, 0, 2153, 12386, 17534
3105, 0, 2199, 12683, 17987
15086, 858, 2371, 126937, 145252
2949, 0, 2355, 12558, 17862
2808, 0, 2277, 12262, 17347
35428, 1045, 2636, 70778, 109887
2980, 0, 2402, 12355, 17737
3042, 0, 2262, 12683, 17987
34180, 1014, 2761, 56425, 94380
3058, 0, 2153, 13229, 18440
45069, 1887, 2793, 82976, 132725
3058, 0, 2293, 12418, 17769
2823, 0, 2340, 12371, 17534
3120, 0, 2278, 11997, 17395
3010, 0, 2153, 12699, 17862
2823, 0, 2153, 41153, 46129
15428, 858, 2293, 90637, 109216
2979, 0, 2122, 12121, 17222
44585, 920, 2839, 73492, 121836
39249, 1155, 2621, 84302, 127327
3026, 0, 2168, 12028, 17222
2870, 0, 2012, 12106, 16988
43945, 1170, 2605, 107360, 155080
32744, 1092, 2886, 75848, 112570
48906, 921, 2870, 85535, 138232
36239, 1014, 2636, 60918, 100807
52837, 1357, 2683, 96830, 153707
2932, 0, 2184, 12184, 17300
2996, 0, 2230, 12543, 17769
2886, 0, 2433, 12714, 18033
3011, 0, 2215, 12090, 17316
31980, 1295, 2527, 64959, 100761
32947, 1155, 2589, 44491, 81182
28782, 1123, 2777, 33290, 65972
2902, 0, 1997, 13307, 18206
624, 0, 1950, 17425, 19999
36348, 936, 2761, 69592, 109637
27035, 1154, 2761, 36754, 67704
1919, 0, 2371, 40669, 44959
2122, 0, 2121, 40623, 44866
1934, 0, 2200, 40248, 44382
2028, 0, 2168, 40139, 44335
46612, 1030, 2668, 64724, 115034
49655, 1030, 2636, 52011, 105332
1919, 0, 2137, 40997, 45053
50076, 1061, 2745, 75551, 129433
1981, 0, 2355, 40561, 44897
2153, 0, 2278, 40700, 45131
26114, 998, 2808, 46348, 76268
2200, 0, 2168, 40670, 45038
2215, 0, 2044, 41044, 45303
1965, 0, 2138, 40887, 44990
2075, 0, 2184, 40794, 45053
2870, 0, 2340, 12387, 17597
2137, 0, 2293, 40981, 45411
2059, 0, 2231, 40700, 44990
780, 0, 1997, 17098, 19875
1981, 0, 2355, 40514, 44850
1794, 0, 2433, 40748, 44975
33774, 889, 2652, 107828, 145143
2043, 515, 2137, 41543, 46238
1918, 0, 2106, 41184, 45208
2028, 421, 2184, 39578, 44211
2247, 0, 2527, 41558, 46332
2293, 0, 2231, 41620, 46144
2122, 0, 2075, 41574, 45771
1950, 0, 2137, 41762, 45849
1950, 406, 2012, 41481, 45849
1934, 0, 2122, 41355, 45411
1732, 0, 2106, 36208, 40046
2153, 0, 2308, 43072, 47533
2043, 0, 2325, 43274, 47642
2091, 0, 2137, 41137, 45365
2246, 421, 2184, 71074, 75925
2059, 0, 2278, 40076, 44413
2075, 0, 2199, 40420, 44694
2106, 0, 2371, 39905, 44382
2152, 0, 2169, 41917, 46238
2075, 0, 2230, 43119, 47424
2075, 0, 2106, 40591, 44772
2044, 0, 2293, 41309, 45646
2122, 0, 2106, 40279, 44507
1981, 0, 2231, 40857, 45069
1825, 0, 2106, 40451, 44382
2823, 0, 2309, 12246, 17378
2776, 0, 2138, 12277, 17191
733, 0, 2106, 16770, 19609
546, 0, 2059, 16801, 19406
2808, 0, 2278, 12106, 17192
1919, 0, 2152, 41933, 46004
639, 0, 2138, 17035, 19812
7332, 188, 2371, 149698, 159589
2840, 858, 2121, 12621, 18440
624, 0, 2184, 17082, 19890
1965, 0, 2169, 41870, 46004
1981, 0, 2247, 43539, 47767
624, 156, 1981, 17269, 20030
1966, 0, 2168, 40826, 44960
11575, 562, 2605, 141274, 156016
5413, 671, 2418, 144550, 153052
686, 0, 2137, 17457, 20280
2683, 0, 2402, 12168, 17253
2854, 0, 2216, 12214, 17284
718, 0, 2043, 17223, 19984
2684, 0, 2308, 12418, 17410
717, 0, 2091, 17269, 20077
3027, 0, 2371, 11825, 17223
593, 0, 2137, 16848, 19578
15943, 343, 2465, 158059, 176810
2761, 0, 2106, 12059, 16926
780, 0, 2074, 16677, 19531
717, 0, 1966, 16317, 19000
2823, 0, 2138, 12012, 16973
2917, 0, 2309, 12152, 17378
14524, 437, 2465, 160805, 178231
718, 0, 2121, 16349, 19188
2870, 0, 2184, 12012, 17066
670, 0, 2138, 16614, 19422
2605, 0, 2371, 11794, 16770
640, 0, 1950, 16380, 18970
2777, 0, 2152, 12340, 17269
796, 0, 2028, 16817, 19641
858, 93, 2138, 57548, 60637
593, 0, 2184, 17643, 20420
2886, 0, 2262, 12183, 17331
624, 0, 1919, 17581, 20124
2980, 0, 2356, 12339, 17675
3089, 0, 2153, 12433, 17675
546, 0, 2153, 16926, 19625
2777, 0, 2387, 12308, 17472
624, 0, 2262, 16583, 19469
3151, 0, 2059, 12137, 17347
639, 0, 2091, 16801, 19531
2808, 0, 2246, 12387, 17441
561, 0, 2044, 16707, 19312
2870, 0, 2169, 11840, 16879
452, 0, 2153, 16785, 19390
561, 0, 2153, 17519, 20233
2854, 0, 2247, 12012, 17113
2746, 0, 2386, 11919, 17051
686, 0, 2075, 16521, 19282
453, 0, 2121, 16006, 18580
2870, 0, 2059, 12122, 17051
2855, 0, 2106, 11762, 16723
562, 0, 2215, 16442, 19219
50559, 999, 2496, 44694, 98748
640, 0, 1934, 16364, 18938
32011, 936, 2246, 67673, 102866
531, 0, 2028, 17019, 19578
780, 0, 1966, 16801, 19547
2933, 0, 2059, 12418, 17410
686, 0, 2091, 17862, 20639
2730, 0, 2371, 12979, 18080
3058, 0, 2309, 12760, 18127
3073, 0, 2356, 12963, 18392
717, 0, 2200, 17456, 20373
2636, 0, 2496, 12699, 17831
671, 0, 2075, 17753, 20499
2995, 0, 2247, 12916, 18158
639, 0, 2340, 17753, 20732
3089, 0, 2309, 13228, 18626
2855, 0, 2387, 12916, 18158
687, 0, 2059, 17768, 20514
562, 0, 2278, 17378, 20218
827, 0, 2075, 17986, 20888
3229, 0, 2309, 13072, 18610
28891, 967, 2402, 88967, 121227
780, 0, 2028, 16926, 19734
2901, 0, 2902, 12121, 17924
3479, 0, 2309, 11762, 17550
2995, 0, 2153, 43041, 48189
624, 0, 2636, 16505, 19765
2714, 0, 2184, 12043, 16941
2886, 0, 2199, 11747, 16832
749, 0, 1997, 17331, 20077
687, 0, 2012, 16209, 18908
2777, 0, 2309, 11778, 16864
2823, 0, 2278, 11715, 16816
577, 0, 1888, 16208, 18673
577, 0, 2028, 16177, 18782
2918, 0, 2184, 12448, 17550
670, 0, 2060, 16348, 19078
593, 0, 1950, 16193, 18736
2839, 0, 2215, 12699, 17753
2949, 0, 2230, 12122, 17301
484, 0, 2090, 16302, 18876
2746, 0, 2277, 11685, 16708
624, 0, 2106, 16193, 18923
2886, 0, 2106, 11809, 16801
2871, 0, 2106, 12074, 17051
656, 0, 2090, 16864, 19610
561, 0, 2060, 16270, 18891
2808, 0, 2231, 12246, 17285
2839, 0, 2199, 11919, 16957
609, 0, 1981, 16364, 18954
670, 0, 2013, 16224, 18907
2886, 0, 2246, 12777, 17909
577, 0, 2121, 16661, 19359
717, 0, 1981, 16146, 18844
2854, 0, 2184, 12777, 17815
2777, 0, 2122, 12230, 17129
546, 0, 2137, 16521, 19204
2761, 0, 2137, 12075, 16973
733, 0, 1997, 16287, 19017
2855, 0, 2200, 11934, 16989
562, 0, 1825, 16583, 18970
655, 0, 1950, 16739, 19344
639, 0, 2028, 16583, 19250
3104, 0, 2184, 11654, 16942
3089, 0, 2231, 11934, 17254
702, 0, 2122, 16567, 19391
842, 0, 1950, 16302, 19094
2761, 0, 2231, 11934, 16926
702, 0, 1966, 16614, 19282
2589, 0, 2200, 12059, 16848
2777, 0, 2121, 12090, 16988
2839, 0, 2184, 11544, 16567
671, 0, 2090, 16006, 18767
656, 0, 1981, 17051, 19688
624, 0, 2013, 16021, 18658
2839, 0, 2262, 11778, 16879
2730, 0, 2262, 11684, 16676
593, 0, 2137, 16880, 19610
687, 0, 1950, 16348, 18985
2870, 0, 2075, 11856, 16801
640, 0, 1934, 16146, 18720
671, 0, 1809, 16209, 18689
3166, 0, 2200, 16427, 21793
624, 0, 1950, 17487, 20061
2699, 0, 2184, 11404, 16287
608, 0, 1935, 14835, 17378
702, 0, 1903, 15803, 18408
515, 0, 2075, 14227, 16817
2948, 0, 2090, 9938, 14976
702, 0, 1935, 12698, 15335
764, 0, 1950, 14118, 16832
2824, 0, 2090, 8674, 13588
656, 0, 1840, 11154, 13650
1918, 0, 2091, 23930, 27939
30732, 0, 1124, 4648, 36504
29921, 0, 1513, 6427, 37861
2589, 0, 2169, 23696, 28454
25350, 0, 1466, 10093, 36909
16458, 0, 1794, 9188, 27440
16380, 0, 1809, 9267, 27456
16442, 0, 1779, 9313, 27534
16536, 0, 1747, 9266, 27549
16130, 0, 1903, 9532, 27565
16536, 15, 1732, 9298, 27581
16395, 0, 1857, 9329, 27581
3666, 0, 1700, 8487, 13853
3790, 0, 1592, 8548, 13930
3729, 0, 1653, 8799, 14181
16068, 15, 2309, 30545, 48937
16380, 0, 1903, 34102, 52385
16255, 0, 1872, 34460, 52587
15990, 0, 2293, 34367, 52650
16333, 0, 1825, 34788, 52946
16208, 0, 1950, 35490, 53648
16146, 0, 1903, 36176, 54225
15787, 0, 2387, 36207, 54381
16255, 0, 1888, 36597, 54740
1607, 0, 1482, 8439, 11528
1575, 0, 1498, 8408, 11481
3698, 0, 1653, 29812, 35163
1638, 0, 1482, 8861, 11981
1700, 0, 1420, 9016, 12136
1669, 0, 1420, 8861, 11950
3666, 0, 1684, 33416, 38766
1732, 0, 1513, 8752, 11997
3650, 0, 1825, 33743, 39218
1638, 0, 1560, 8580, 11778
3884, 0, 1638, 33634, 39156
1638, 0, 1498, 8627, 11763
1575, 0, 1498, 31684, 34757
1560, 0, 1466, 8861, 11887
1748, 0, 1591, 8517, 11856
1872, 0, 1529, 8471, 11872
1918, 0, 1498, 8440, 11856
1450, 0, 1498, 29609, 32557
1701, 0, 1497, 29750, 32948
1544, 0, 1576, 29375, 32495
1670, 0, 1419, 33962, 37051
1607, 0, 1466, 34804, 37877
1560, 0, 1482, 9048, 12090
1638, 0, 1389, 34242, 37269
1544, 0, 1591, 9157, 12292
1576, 0, 1669, 9048, 12293
1685, 0, 1513, 8923, 12121
1575, 0, 1467, 32276, 35318
1778, 0, 1544, 30249, 33571
1763, 0, 1809, 8518, 12090
1701, 0, 1622, 34710, 38033
1872, 0, 1513, 35350, 38735
6131, 0, 1591, 12870, 20592
1513, 0, 1513, 35662, 38688
1576, 0, 1685, 32167, 35428
8299, 0, 1638, 12730, 22667
1513, 0, 1513, 8393, 11419
1575, 0, 1467, 35911, 38953
1856, 0, 1420, 11840, 15116
1731, 0, 1389, 34912, 38032
6786, 0, 1576, 11622, 19984
1778, 0, 1451, 29484, 32713
1575, 0, 1498, 29141, 32214
1482, 0, 1592, 34741, 37815
1544, 0, 1466, 8612, 11622
1762, 0, 1779, 33275, 36816
1654, 0, 1497, 8845, 11996
1591, 0, 1669, 8502, 11762
1794, 0, 1497, 8440, 11731
1560, 0, 1513, 32994, 36067
1513, 0, 1513, 8424, 11450
1669, 0, 1669, 8377, 11715
1591, 0, 1513, 34866, 37970
1825, 0, 1482, 8455, 11762
1592, 0, 1450, 8752, 11794
1482, 0, 1482, 33337, 36301
1467, 0, 1513, 31169, 34149
1545, 0, 1450, 8128, 11123
1592, 0, 1388, 29890, 32870
1591, 0, 1576, 33680, 36847
1576, 0, 1513, 34523, 37612
1498, 0, 1373, 30981, 33852
93, 0, 1248, 1513, 2854
94, 0, 1342, 1482, 2918
1529, 0, 1622, 33571, 36722
1731, 0, 1404, 32760, 35895
1560, 0, 1498, 31122, 34180
1575, 0, 1482, 9017, 12074
94, 0, 1263, 1342, 2699
14836, 0, 1638, 13946, 30420
1498, 0, 1482, 35147, 38127
4961, 0, 1498, 29546, 36005
25725, 15, 1872, 10218, 37830
1591, 0, 1607, 8689, 11887
7176, 0, 1669, 20530, 29375
1560, 0, 1576, 9251, 12387
18439, 0, 1794, 20935, 41168
1466, 0, 1451, 30701, 33618
1544, 0, 1420, 8549, 11513
1575, 0, 1591, 8393, 11559
28111, 0, 1935, 10936, 40982
9406, 0, 1514, 28751, 39671
5663, 0, 1685, 12277, 19625
1497, 0, 1592, 8049, 11138
10358, 0, 1763, 12355, 24476
1638, 0, 1591, 8471, 11700
1638, 0, 1607, 8331, 11576
1607, 0, 1591, 8409, 11607
1653, 0, 1576, 8658, 11887
1514, 0, 1560, 8439, 11513
1513, 0, 1576, 8752, 11841
1560, 0, 1575, 8736, 11871
1514, 0, 1560, 8268, 11342
1233, 0, 1497, 40404, 43134
1217, 0, 1435, 41044, 43696
1513, 0, 1607, 8221, 11341
1498, 0, 1591, 8206, 11295
1498, 0, 1544, 39749, 42791
1528, 0, 1545, 8455, 11528
1575, 0, 1560, 8658, 11793
8798, 0, 1654, 16427, 26879
1591, 0, 1560, 8814, 11965
1669, 0, 1529, 8486, 11684
1701, 0, 1607, 8689, 11997
1592, 0, 1497, 8440, 11529
3947, 0, 1638, 12823, 18408
1513, 0, 1576, 8377, 11466
1497, 0, 1560, 8455, 11512
1684, 0, 1607, 8112, 11403
21060, 0, 1794, 14742, 37596
1529, 0, 1560, 8486, 11575
18159, 0, 1872, 6848, 26879
17847, 0, 1934, 7395, 27176
26801, 0, 1950, 11279, 40030
1606, 0, 1560, 8705, 11871
1747, 0, 1575, 8190, 11512
19594, 0, 1841, 7550, 28985
1701, 0, 1560, 8736, 11997
1731, 0, 1576, 8362, 11669
1731, 0, 1607, 8237, 11575
1654, 0, 1607, 8471, 11732
1591, 0, 1576, 8783, 11950
1482, 0, 1514, 8455, 11451
1482, 0, 1467, 8237, 11186
1482, 0, 1607, 8330, 11419
1591, 0, 1545, 8392, 11528
1591, 0, 1607, 8346, 11544
3291, 0, 1747, 9251, 14289
3182, 0, 1763, 9438, 14383
3510, 0, 1747, 9329, 14586
3478, 0, 1732, 9344, 14554
3494, 0, 1622, 9501, 14617
3323, 0, 1607, 9687, 14617
4399, 0, 1670, 12526, 18595
109, 0, 1295, 1450, 2854
1981, 0, 1591, 8190, 11762
1716, 0, 1576, 8284, 11576
1592, 0, 1575, 8643, 11810
1607, 0, 1560, 8330, 11497
22152, 0, 1903, 6552, 30607
1560, 0, 1544, 8534, 11638
1560, 0, 1591, 8440, 11591
19375, 0, 1856, 9516, 30747
1513, 0, 1576, 8299, 11388
1514, 0, 1560, 8236, 11310
22698, 0, 1919, 7425, 32042
1544, 0, 1482, 8237, 11263
1560, 0, 1606, 8144, 11310
13572, 0, 1669, 18954, 34195
1575, 0, 1654, 36301, 39530
1607, 0, 1638, 8424, 11669
1576, 0, 1529, 8673, 11778
1560, 0, 1623, 8127, 11310
1591, 0, 1576, 8705, 11872
1576, 15, 1560, 8596, 11747
20577, 0, 1794, 13619, 35990
26535, 0, 1857, 12729, 41121
1545, 0, 1560, 8314, 11419
1544, 0, 1576, 8393, 11513
1545, 0, 1606, 8300, 11451
1529, 0, 1591, 8408, 11528
1607, 0, 1513, 8346, 11466
281, 0, 1326, 9204, 10811
1685, 0, 1513, 8674, 11872
1670, 0, 1544, 8206, 11420
1654, 0, 1544, 8175, 11373
7878, 0, 1638, 13291, 22807
17487, 0, 1888, 6396, 25771
109, 0, 1279, 1482, 2870
18112, 0, 1918, 6802, 26832
1217, 0, 1544, 40825, 43586
1560, 0, 1560, 8236, 11356
1591, 0, 1575, 8300, 11466
19282, 0, 1872, 6520, 27674
1544, 0, 1592, 8096, 11232
1529, 0, 1607, 8268, 11404
499, 0, 1310, 18642, 20451
1638, 0, 1607, 8470, 11715
1685, 0, 1606, 8144, 11435
1670, 0, 1560, 8486, 11716
483, 0, 1467, 17846, 19796
1622, 0, 1560, 8346, 11528
1622, 0, 1607, 8284, 11513
1935, 0, 1560, 13541, 17036
3651, 0, 1575, 16505, 21731
4368, 0, 1591, 22371, 28330
5616, 0, 1638, 14087, 21341
1607, 0, 1482, 33150, 36239
1544, 0, 1591, 8284, 11419
19718, 0, 1919, 6833, 28470
1545, 0, 1606, 8362, 11513
8175, 0, 1653, 16957, 26785
21513, 0, 1965, 7473, 30951
16676, 0, 1841, 11638, 30155
1280, 0, 1591, 41059, 43930
1497, 0, 1545, 8689, 11731
24648, 0, 1857, 13275, 39780
19703, 0, 1872, 12605, 34180
1513, 0, 1747, 8768, 12028
1591, 0, 1716, 8549, 11856
30280, 0, 1935, 10686, 42901
1670, 0, 1591, 8564, 11825
26380, 0, 1825, 16021, 44226
10577, 0, 1731, 17894, 30202
1560, 0, 1545, 8455, 11560
1529, 0, 1467, 8564, 11560
14757, 0, 1748, 15522, 32027
1622, 0, 1529, 8377, 11528
1591, 0, 1514, 8470, 11575
1653, 0, 1529, 8611, 11793
1638, 0, 1544, 8798, 11980
1638, 0, 1544, 8518, 11700
2433, 0, 1560, 8955, 12948
1747, 0, 1653, 8440, 11840
1903, 0, 1638, 8456, 11997
1965, 0, 1560, 8284, 11809
1966, 0, 1513, 8595, 12074
1903, 0, 1513, 8549, 11965
1545, 0, 1466, 8487, 11498
15366, 0, 1810, 8689, 25865
93, 0, 1342, 1482, 2917
17487, 0, 1888, 7316, 26691
1544, 0, 1482, 9095, 12121
18408, 0, 2122, 7488, 28018
1560, 0, 1467, 9469, 12496
19298, 0, 2074, 7566, 28938
1747, 0, 1747, 9438, 12932
1747, 0, 1653, 9485, 12885
1748, 0, 1700, 9688, 13136
1700, 0, 1716, 9345, 12761
22760, 0, 2372, 8767, 33899
1544, 0, 1716, 36473, 39733
25304, 0, 2418, 9594, 37316
25771, 0, 2496, 11996, 40263
30217, 0, 2434, 11996, 44647
27082, 0, 2246, 15398, 44726
1357, 0, 1591, 48220, 51168
7442, 0, 1950, 28579, 37971
30888, 0, 2262, 10546, 43696
1810, 0, 1872, 11668, 15350
1903, 0, 1685, 12090, 15678
32822, 0, 2356, 10936, 46114
1825, 0, 1825, 11763, 15413
1965, 0, 1935, 11466, 15366
32074, 0, 2433, 13916, 48423
34117, 0, 2792, 12668, 49577
39952, 0, 2995, 13479, 56426
2168, 0, 1841, 10171, 14180
39639, 0, 2559, 11606, 53804
2153, 0, 1825, 10639, 14617
2013, 0, 1825, 10780, 14618
2028, 0, 1919, 10452, 14399
2012, 0, 1872, 10499, 14383
1950, 0, 1888, 10889, 14727
1919, 0, 1809, 11154, 14882
40357, 0, 2558, 16927, 59842
47174, 0, 2262, 15757, 65193
2559, 0, 1841, 18938, 23338
4789, 0, 1966, 16754, 23509
3651, 0, 1685, 10732, 16068
4056, 0, 1778, 10561, 16395
4009, 0, 1950, 10281, 16240
4118, 0, 1747, 10874, 16739
4118, 0, 1810, 10951, 16879
3464, 0, 1809, 11170, 16443
2714, 0, 1888, 13213, 17815
9875, 0, 1856, 18065, 29796
2075, 0, 2137, 10873, 15085
1950, 0, 2137, 10718, 14805
17956, 0, 2371, 11388, 31715
4212, 0, 1982, 16036, 22230
21793, 0, 2886, 10390, 35069
2558, 0, 1966, 10795, 15319
2715, 0, 1919, 10951, 15585
23899, 0, 2449, 8830, 35178
2917, 0, 2262, 10889, 16068
2793, 0, 2074, 10936, 15803
25272, 0, 2543, 8564, 36379
2699, 0, 1919, 11310, 15928
2839, 344, 1981, 19313, 24477
1966, 0, 2090, 44788, 48844
109, 0, 1544, 1888, 3541
33665, 671, 3369, 12340, 50045
37892, 468, 2559, 13369, 54288
39624, 561, 3292, 20795, 64272
2792, 0, 2231, 11388, 16411
35631, 218, 2434, 20014, 58297
38610, 686, 2527, 21154, 62977
41558, 343, 2481, 24648, 69030
29125, 827, 2527, 26426, 58905
2761, 0, 2075, 11247, 16083
2870, 0, 2168, 11576, 16614
35786, 562, 2776, 25460, 64584
2980, 0, 2153, 11606, 16739
3011, 0, 2293, 11919, 17223
32979, 702, 2511, 34274, 70466
38376, 811, 2777, 27596, 69560
3026, 0, 2153, 11794, 16973
2949, 0, 2075, 11778, 16802
33103, 686, 2590, 36613, 72992
2870, 0, 2262, 11903, 17035
2012, 0, 2153, 56519, 60684
4243, 515, 2262, 16833, 23853
42635, 484, 2621, 39031, 84771
3135, 0, 2278, 11778, 17191
3151, 0, 2106, 11778, 17035
41511, 702, 2840, 30591, 75644
37300, 624, 2714, 45319, 85957
3167, 0, 2184, 11606, 16957
9454, 577, 2480, 19688, 32199
3822, 749, 2169, 21387, 28127
17301, 624, 2371, 15990, 36286
18751, 671, 2277, 13104, 34803
3182, 0, 2200, 10842, 16224
3135, 0, 2153, 11575, 16863
3182, 0, 2106, 11170, 16458
3027, 0, 2090, 11466, 16583
6833, 656, 2277, 31419, 41185
18861, 390, 2355, 14555, 36161
9173, 452, 2278, 18299, 30202
3260, 0, 2122, 11871, 17253
2855, 0, 1997, 11637, 16489
27815, 702, 2589, 16724, 47830
22355, 733, 2480, 28798, 54366
16630, 655, 2543, 21122, 40950
16989, 982, 2465, 23665, 44101
26380, 1092, 2605, 25334, 55411
2777, 0, 2152, 43758, 48687
3151, 0, 2028, 11903, 17082
31059, 983, 2761, 41933, 76736
30888, 1154, 2668, 39390, 74100
33134, 999, 2511, 39156, 75800
94, 0, 1857, 2043, 3994
35927, 873, 2621, 48298, 87719
2996, 0, 2230, 12387, 17613
32979, 1045, 2777, 51698, 88499
2933, 0, 2184, 12261, 17378
37908, 1155, 2621, 52197, 93881
2839, 0, 2168, 12652, 17659
37159, 890, 2761, 37034, 77844
14461, 921, 2449, 57580, 75411
35365, 811, 2746, 48360, 87282
2839, 0, 2340, 11700, 16879
2106, 0, 2184, 57346, 61636
2824, 0, 2246, 11763, 16833
3042, 0, 2169, 11715, 16926
3089, 0, 2153, 11856, 17098
3042, 0, 2028, 12495, 17565
37581, 889, 2652, 71651, 112773
3042, 593, 2231, 30357, 36223
42634, 1139, 2746, 72743, 119262
42182, 796, 2839, 71027, 116844
41106, 920, 2715, 85316, 130057
53305, 983, 2871, 81260, 138419
15054, 873, 2496, 33883, 52306
10842, 717, 2465, 40669, 54693
13244, 734, 2402, 29000, 45380
21434, 952, 2636, 31403, 56425
25693, 780, 2761, 25522, 54756
21575, 780, 2574, 24773, 49702
22418, 655, 2761, 29718, 55552
49686, 1029, 2761, 103288, 156764
25334, 749, 2652, 26926, 55661
23260, 905, 2542, 25881, 52588
2901, 0, 2886, 11498, 17285
13182, 546, 2402, 30966, 47096
2699, 0, 2262, 11528, 16489
15132, 951, 2356, 28875, 47314
3322, 0, 2106, 11841, 17269
94, 0, 1669, 1887, 3650
3354, 0, 2060, 12199, 17613
3307, 0, 2028, 12075, 17410
3105, 0, 2043, 12293, 17441
3073, 0, 2168, 12106, 17347
3042, 0, 2325, 11903, 17270
3088, 0, 2200, 12449, 17737
11872, 936, 2356, 36831, 51995
2917, 0, 2278, 11887, 17082
2839, 0, 2122, 11622, 16583
28548, 1107, 2761, 27706, 60122
2995, 0, 1981, 12012, 16988
26988, 1950, 2418, 36083, 67439
3260, 0, 2512, 46161, 51933
2745, 562, 2106, 12542, 17955
28485, 609, 2652, 34367, 66113
2980, 0, 2028, 12090, 17098
2091, 0, 2137, 56566, 60794
2793, 0, 2480, 42853, 48126
32105, 826, 2496, 39484, 74911
39640, 1139, 2511, 39718, 83008
32979, 1216, 2512, 47471, 84178
32853, 765, 2667, 43477, 79762
32620, 982, 2434, 66830, 102866
27503, 686, 2886, 26068, 57143
42291, 780, 2574, 64631, 110276
33649, 1420, 2668, 54990, 92727
37861, 952, 2839, 58812, 100464
45724, 967, 2777, 83085, 132553
16957, 842, 2449, 26021, 46269
25802, 1108, 2621, 31543, 61074
36738, 999, 2574, 67314, 107625
21543, 1061, 2777, 25927, 51308
28501, 936, 2652, 34539, 66628
41948, 1061, 2730, 82883, 128622
59904, 1248, 2901, 92087, 156140
30280, 889, 2995, 48782, 82946
12668, 951, 2216, 31215, 47050
18127, 890, 2714, 27768, 49499
9173, 765, 2230, 31512, 43680
21076, 811, 2699, 24398, 48984
42308, 1029, 2761, 82041, 128139
54085, 1841, 2746, 122928, 181600
5538, 0, 1716, 11841, 19095
26286, 1123, 2590, 22479, 52478
4976, 2886, 2122, 12059, 22043
5195, 2012, 2122, 12246, 21575
4914, 0, 2106, 12199, 19219
3120, 0, 2059, 11981, 17160
125, 0, 1669, 1997, 3791
25896, 3494, 2028, 27347, 58765
3213, 0, 2106, 12044, 17363
3401, 0, 2277, 12356, 18034
3385, 0, 2231, 11840, 17456
3354, 0, 2277, 11981, 17612
28516, 1030, 2527, 30046, 62119
27519, 1201, 2511, 28673, 59904
4290, 3573, 1872, 44444, 54179
2808, 0, 2215, 11466, 16489
24273, 1092, 2403, 38610, 66378
30249, 1435, 2823, 32168, 66675
8580, 905, 2371, 49062, 60918
17191, 1061, 2371, 46098, 66721
20888, 890, 2574, 46144, 70496
2699, 0, 2356, 12620, 17675
2294, 0, 2074, 58469, 62837
40092, 1342, 2683, 37784, 81901
2855, 0, 2262, 51668, 56785
39562, 1185, 2839, 48750, 92336
13245, 764, 2371, 69545, 85925
39141, 952, 2698, 41824, 84615
34429, 874, 2605, 40997, 78905
33899, 1607, 2761, 39530, 77797
33103, 890, 2589, 39733, 76315
33868, 889, 2870, 37862, 75489
36239, 1139, 2714, 65614, 105706
35068, 1046, 2854, 40170, 79138
24617, 952, 2886, 33493, 61948
16785, 858, 2574, 26864, 47081
29266, 842, 2871, 31668, 64647
45146, 1061, 2683, 85613, 134503
6412, 842, 2153, 26380, 35787
19048, 842, 2762, 30139, 52791
44102, 1216, 2808, 78437, 126563
19859, 717, 2637, 26457, 49670
30405, 826, 2699, 46551, 80481
31824, 1061, 2886, 44414, 80185
64740, 1295, 2839, 97609, 166483
56129, 1747, 2761, 111884, 172521
26504, 1170, 2855, 32604, 63133
25475, 983, 2917, 26769, 56144
53211, 968, 2823, 105987, 162989
21902, 874, 2808, 28158, 53742
14212, 1123, 2527, 32682, 50544
3557, 0, 2247, 12043, 17847
3728, 0, 2340, 12309, 18377
3307, 0, 2013, 12339, 17659
94, 0, 2028, 2028, 4150
3152, 0, 2230, 12808, 18190
3214, 0, 2199, 12823, 18236
3027, 0, 2090, 12527, 17644
31107, 1263, 2590, 36847, 71807
3010, 0, 2200, 12324, 17534
37363, 2589, 2637, 39234, 81823
35662, 2433, 2668, 40763, 81526
33555, 1748, 2527, 42401, 80231
41699, 1076, 2668, 44210, 89653
3058, 0, 2262, 12043, 17363
38985, 1139, 2839, 47049, 90012
37799, 889, 2948, 44741, 86377
10327, 1295, 2418, 65380, 79420
42775, 951, 2793, 45349, 91868
2293, 0, 2293, 58453, 63039
36442, 936, 2730, 53571, 93679
3011, 0, 2246, 47487, 52744
2995, 109, 2340, 12527, 17971
3104, 0, 2184, 13088, 18376
2979, 0, 2356, 12324, 17659
34258, 967, 2683, 53259, 91167
35739, 1045, 2512, 57923, 97219
37612, 1154, 2684, 57501, 98951
40810, 1279, 2714, 69280, 114083
8721, 748, 2699, 35225, 47393
12495, 640, 2402, 32043, 47580
25521, 484, 2855, 22542, 51402
11731, 686, 2387, 32729, 47533
44351, 1310, 2980, 64350, 112991
53633, 1092, 2761, 93662, 151148
14835, 796, 2387, 97703, 115721
46722, 1513, 2777, 80371, 131383
51184, 1232, 2840, 90917, 146173
48609, 1233, 2730, 109496, 162068
27004, 920, 3027, 33868, 64819
48204, 1185, 2980, 92399, 144768
34383, 998, 2574, 43275, 81230
61168, 1373, 2730, 104832, 170103
35537, 1061, 2808, 54054, 93460
63149, 1669, 2636, 102212, 169666
33088, 1014, 2745, 36504, 73351
3026, 0, 2247, 12059, 17332
3074, 670, 2153, 12106, 18003
36457, 983, 2871, 43118, 83429
32682, 702, 3011, 58547, 94942
14648, 780, 2325, 31652, 49405
15397, 843, 2480, 32261, 50981
2917, 0, 2216, 12074, 17207
2886, 0, 2246, 12714, 17846
25022, 874, 2855, 26052, 54803
172, 0, 1732, 2168, 4072
41247, 1045, 2730, 48360, 93382
27971, 951, 2777, 29749, 61448
2808, 0, 2371, 12121, 17300
2933, 0, 2293, 12199, 17425
2979, 0, 2325, 11809, 17113
40560, 1014, 2839, 49811, 94224
2949, 0, 2730, 11544, 17223
41917, 1233, 2683, 42931, 88764
2247, 0, 2153, 59592, 63992
47954, 1139, 2870, 55895, 107858
48547, 1451, 2761, 58469, 111228
3728, 0, 2324, 51153, 57205
46020, 1186, 2558, 60201, 109965
3214, 0, 2371, 12230, 17815
2949, 0, 2371, 12246, 17566
30888, 858, 2699, 71885, 106330
50622, 1123, 2715, 60169, 114629
33321, 859, 2761, 42213, 79154
40872, 1076, 2699, 51527, 96174
38376, 920, 2871, 56581, 98748
36535, 1014, 2917, 52510, 92976
39983, 1263, 2590, 60653, 104489
44850, 1233, 3073, 75816, 124972
8440, 702, 2309, 31012, 42463
7753, 765, 2324, 34772, 45614
3432, 765, 2402, 70808, 77407
48251, 1450, 2964, 84412, 137077
17301, 842, 2683, 30389, 51215
17004, 795, 2762, 35614, 56175
47081, 1029, 3058, 109980, 161148
39562, 1014, 2823, 81261, 124660
46004, 1030, 2761, 49562, 99357
44990, 1030, 2605, 62416, 111041
29421, 687, 2823, 52884, 85815
27752, 2340, 2637, 31652, 64381
32074, 905, 3011, 38454, 74444
27113, 1170, 3011, 29156, 60450
37191, 967, 2886, 56971, 98015
9344, 796, 2308, 32885, 45333
37206, 1997, 2621, 45334, 87158
23821, 609, 2932, 25397, 52759
38782, 2340, 2605, 49764, 93491
53773, 1217, 2698, 101401, 159089
54880, 1124, 2776, 112430, 171210
3120, 0, 2231, 12090, 17441
3105, 811, 2090, 12340, 18346
48844, 1373, 2964, 48328, 101509
3011, 0, 2215, 12152, 17378
2949, 0, 1996, 12106, 17051
48719, 1622, 2996, 57766, 111103
41231, 1123, 3776, 62384, 108514
2886, 0, 2278, 12090, 17254
2917, 0, 2294, 12526, 17737
3276, 0, 2184, 11794, 17254
3213, 0, 2122, 11950, 17285
3198, 0, 2184, 11950, 17332
3104, 0, 2090, 12044, 17238
3042, 0, 2340, 12215, 17597
27471, 811, 2403, 95831, 126516
46176, 1310, 2792, 51465, 101743
49608, 1591, 2512, 66955, 120666
7239, 811, 2356, 69747, 80153
2964, 0, 2106, 51448, 56518
17441, 811, 2340, 89123, 109715
187, 0, 1887, 1919, 3993
21278, 765, 2465, 93069, 117577
57861, 1450, 2528, 84567, 146406
3058, 0, 2371, 12480, 17909
46098, 1311, 2948, 75083, 125440
39562, 1794, 2933, 70293, 114582
51090, 1420, 2761, 75785, 131056
41184, 1685, 2979, 82524, 128372
13245, 749, 2433, 32152, 48579
7441, 515, 2402, 34820, 45178
2324, 0, 2325, 60309, 64958
42027, 1435, 2964, 103537, 149963
39546, 1263, 2746, 96861, 140416
24461, 717, 2980, 26317, 54475
42916, 1326, 2699, 100823, 147764
28361, 982, 3526, 30639, 63508
33883, 983, 2730, 36598, 74194
44319, 1139, 2855, 76300, 124613
49514, 1108, 2433, 111463, 164518
56534, 1404, 2714, 83039, 143691
9563, 702, 2543, 41090, 53898
2902, 0, 2402, 12823, 18127
58375, 1420, 3245, 90480, 153520
37955, 1061, 2652, 43258, 84926
3151, 0, 2200, 12901, 18252
18252, 827, 2699, 34445, 56223
10749, 2293, 2200, 39265, 54507
2996, 0, 2433, 13026, 18455
24632, 952, 2511, 39203, 67298
31153, 905, 2730, 52899, 87687
40872, 1123, 2855, 68765, 113615
3292, 0, 2246, 12464, 18002
46473, 1107, 2840, 56752, 107172
38751, 2308, 2637, 58562, 102258
3370, 0, 2215, 12495, 18080
51839, 2683, 2746, 58905, 116173
3308, 0, 2121, 12808, 18237
3167, 0, 2215, 12433, 17815
3135, 0, 2293, 12402, 17830
38142, 905, 2886, 54802, 96735
3042, 218, 2246, 12637, 18143
3042, 0, 2278, 12807, 18127
3089, 0, 2465, 12558, 18112
3136, 0, 2433, 12418, 17987
3276, 0, 2262, 12262, 17800
2871, 0, 2402, 47486, 52759
54803, 1108, 2777, 65769, 124457
20061, 889, 2387, 95628, 118965
54007, 1544, 2777, 75738, 134066
12027, 484, 2231, 95191, 109933
187, 0, 1794, 2137, 4118
3011, 0, 2122, 12464, 17597
51792, 1326, 2761, 89045, 144924
38360, 1638, 2730, 80231, 122959
49811, 1045, 2808, 75379, 129043
44055, 2496, 2776, 81760, 131087
50607, 1232, 2621, 90605, 145065
45552, 1248, 2730, 101588, 151118
45442, 1139, 2917, 82166, 131664
52245, 2387, 2683, 103615, 160930
49016, 2277, 3105, 103038, 157436
2246, 0, 2216, 58905, 63367
17051, 764, 2792, 28548, 49155
44991, 1326, 2917, 116922, 166156
13604, 858, 2433, 31060, 47955
28626, 1030, 2808, 28610, 61074
15054, 733, 2558, 32620, 50965
38422, 1545, 2917, 77236, 120120
54710, 2433, 2761, 126953, 186857
3151, 0, 2184, 11482, 16817
4290, 1264, 1919, 12511, 19984
4648, 0, 2294, 12542, 19484
3120, 0, 2355, 12761, 18236
7863, 655, 2309, 32089, 42916
31996, 2823, 2137, 31840, 68796
22838, 1014, 2668, 28220, 54740
35646, 1341, 2418, 41839, 81244
32027, 1248, 2980, 35022, 71277
3073, 0, 2418, 12434, 17925
18096, 1279, 2543, 41652, 63570
39764, 3245, 2746, 49795, 95550
3058, 0, 2231, 12979, 18268
29422, 998, 2870, 35101, 68391
44101, 3432, 2855, 53773, 104161
2980, 0, 2402, 12636, 18018
3011, 0, 2464, 12418, 17893
35537, 1123, 2589, 45802, 85051
35506, 998, 2761, 58001, 97266
3042, 0, 2324, 11934, 17300
37315, 1045, 2761, 65661, 106782
3073, 0, 2309, 47393, 52775
58313, 1342, 2589, 71183, 133427
46956, 1435, 2730, 86175, 137296
40919, 1435, 2840, 67985, 113179
40451, 967, 2870, 45116, 89404
38298, 1030, 2542, 53555, 95425
40123, 1498, 2667, 69374, 113662
156, 0, 1918, 2138, 4212
57362, 1684, 2964, 95426, 157436
47877, 1123, 2761, 61605, 113366
2996, 0, 2215, 12480, 17691
43446, 1061, 2683, 87813, 135003
45646, 1185, 2871, 63180, 112882
44117, 936, 2979, 49063, 97095
41512, 1216, 2762, 85238, 130728
44164, 1466, 2434, 133755, 181819
24804, 873, 2496, 71168, 99341
6646, 655, 2325, 22027, 31653
109, 0, 1950, 2075, 4134
54974, 1077, 2839, 116314, 175204
8393, 546, 2465, 78359, 89763
55957, 1185, 2824, 123225, 183191
16131, 749, 2605, 33072, 52557
30779, 1060, 2824, 31340, 66003
28283, 1263, 2902, 27128, 59576
18174, 858, 2465, 31558, 53055
35459, 1060, 3027, 39390, 78936
48781, 1092, 2636, 57315, 109824
40045, 1014, 2652, 73726, 117437
51355, 967, 2996, 63507, 118825
42806, 1201, 2855, 50669, 97531
40716, 1123, 2808, 54756, 99403
19328, 1592, 5413, 46223, 72556
9922, 577, 2449, 131758, 144706
19469, 811, 2808, 32433, 55521
31262, 1014, 2855, 36098, 71229
8689, 702, 2433, 33416, 45240
48688, 1076, 2777, 50856, 103397
48392, 967, 2667, 48657, 100683
44304, 936, 2793, 50637, 98670
47065, 1092, 2870, 61012, 112039
57471, 982, 2949, 62665, 124067
18236, 858, 2294, 143067, 164455
33727, 952, 2714, 54803, 92196
46644, 1014, 3198, 66082, 116938
40560, 1045, 2730, 51013, 95348
37799, 952, 2979, 41294, 83024
41777, 951, 2668, 58095, 103491
34928, 1108, 2917, 57424, 96377
3088, 593, 2340, 13229, 19250
43446, 952, 3011, 80933, 128342
29469, 889, 2792, 55349, 88499
3386, 0, 2386, 12262, 18034
47892, 1185, 2855, 77361, 129293
37081, 1108, 2808, 68546, 109543
3104, 0, 2153, 12651, 17908
63867, 1217, 2636, 101556, 169276
44148, 1139, 2714, 75956, 123957
39671, 1076, 2964, 52588, 96299
3057, 0, 2481, 12464, 18002
9126, 655, 2418, 115659, 127858
44117, 1732, 2839, 97266, 145954
48906, 1029, 2652, 70793, 123380
43617, 1014, 2886, 54101, 101618
21029, 1513, 2402, 111213, 136157
3073, 468, 2387, 12761, 18689
47221, 1030, 2730, 69888, 120869
59670, 1295, 2808, 128840, 192613
61277, 1092, 2683, 108373, 173425
46036, 1185, 2824, 63960, 114005
3308, 0, 2402, 12449, 18159
45942, 1185, 2652, 126470, 176249
49125, 1388, 2855, 48469, 101837
3213, 0, 2387, 43477, 49077
55099, 1404, 2761, 130370, 189634
50966, 1435, 2761, 84474, 139636
49780, 1154, 3307, 60700, 114941
41668, 1544, 2808, 64491, 110511
35490, 998, 2855, 48111, 87454
42728, 1326, 2886, 49952, 96892
42135, 1264, 2824, 72899, 119122
50747, 1186, 2683, 94224, 148840
43072, 1294, 2855, 60700, 107921
35833, 1420, 2855, 55926, 96034
2995, 0, 2293, 12839, 18127
52072, 1685, 2886, 83632, 140275
37596, 983, 2980, 49343, 90902
47564, 1155, 2730, 93304, 144753
42073, 952, 2823, 80777, 126625
35677, 920, 2730, 51496, 90823
36207, 796, 2746, 63835, 103584
3058, 0, 2199, 13042, 18299
6286, 624, 2309, 20358, 29577
13665, 718, 2355, 38454, 55192
3027, 203, 2184, 64677, 70091
17035, 858, 2403, 39936, 60232
26614, 920, 2512, 36379, 66425
94, 0, 1809, 1888, 3791
8097, 655, 2387, 30248, 41387
32385, 1186, 2746, 54709, 91026
39187, 890, 2714, 104785, 147576
6443, 811, 2293, 30904, 40451
11247, 702, 2247, 67329, 81525
10249, 796, 2480, 97111, 110636
49436, 1186, 2995, 54023, 107640
21325, 998, 2449, 89623, 114395
21668, 1108, 2839, 35646, 61261
29359, 1077, 2886, 31168, 64490
48781, 1030, 2683, 73804, 126298
48500, 1123, 2746, 57502, 109871
32729, 873, 2793, 31543, 67938
6614, 656, 2293, 19453, 29016
4602, 0, 2371, 12870, 19843
36348, 1139, 2823, 50981, 91291
32027, 1217, 2699, 32713, 68656
17145, 2652, 2527, 31824, 54148
2371, 374, 2309, 116938, 121992
27924, 998, 2746, 30529, 62197
9563, 2589, 2465, 36878, 51495
35428, 1466, 2668, 43415, 82977
45365, 1061, 2746, 59779, 108951
9454, 671, 2449, 35880, 48454
46145, 1060, 2855, 69545, 119605
17831, 780, 2496, 33431, 54538
50232, 1263, 2855, 70278, 124628
3151, 0, 2355, 12527, 18033
25756, 1217, 2855, 37689, 67517
43087, 2979, 2777, 73679, 122522
3229, 0, 2106, 45381, 50716
29547, 1217, 2667, 54725, 88156
32963, 874, 2917, 53539, 90293
40529, 1123, 2699, 49452, 93803
2995, 1108, 2122, 12121, 18346
35443, 983, 2730, 55365, 94521
140, 0, 1904, 2277, 4321
39359, 1342, 2761, 64911, 108373
11029, 811, 2231, 104364, 118435
47284, 1201, 2699, 49811, 100995
50247, 1498, 2387, 54959, 109091
49078, 1186, 2792, 50856, 103912
3151, 0, 2262, 12574, 17987
44429, 1014, 2824, 52353, 100620
52682, 1326, 2636, 74022, 130666
27986, 1030, 2745, 107032, 138793
55224, 1154, 2590, 85395, 144363
2168, 0, 2356, 61542, 66066
45661, 1185, 2980, 49811, 99637
15210, 795, 2247, 113162, 131414
24367, 936, 2418, 127281, 155002
45271, 1045, 2590, 60715, 109621
49592, 1155, 2745, 71105, 124597
4259, 624, 2309, 73756, 80948
46676, 1107, 2933, 63726, 114442
52089, 1700, 2559, 58312, 114660
49608, 983, 2823, 47752, 101166
47393, 1357, 2746, 67798, 119294
51917, 1451, 2808, 73398, 129574
48812, 1030, 2574, 57143, 109559
48423, 1107, 2730, 62463, 114723
53835, 1030, 2792, 108639, 166296
3057, 0, 2309, 11810, 17176
53242, 1014, 2715, 58516, 115487
32775, 827, 2512, 84583, 120697
44382, 1108, 2605, 71417, 119512
54164, 1497, 2762, 103568, 161991
2839, 0, 2216, 44616, 49671
30498, 1467, 2527, 29734, 64226
7363, 1451, 2184, 34195, 45193
32776, 998, 2871, 37721, 74366
6708, 234, 2403, 31605, 40950
55848, 1155, 2932, 109091, 169026
57845, 1248, 2808, 88374, 150275
39406, 1201, 2683, 67564, 110854
38735, 952, 2574, 55162, 97423
67174, 1154, 2777, 99201, 170306
33602, 842, 2933, 49718, 87095
6225, 686, 2418, 19235, 28564
47174, 1186, 2699, 85457, 136516
48048, 1357, 2684, 97157, 149246
28299, 858, 2699, 26863, 58719
24617, 624, 2668, 30763, 58672
54163, 1248, 2933, 80559, 138903
54476, 1232, 2933, 76768, 135409
3213, 593, 2340, 19952, 26098
203, 0, 1919, 2122, 4244
65442, 920, 3027, 97796, 167185
3027, 0, 2418, 12386, 17831
59592, 1264, 3057, 117157, 181070
14773, 733, 2371, 59998, 77875
37143, 1030, 2808, 80340, 121321
35662, 1045, 2636, 81495, 120838
2246, 0, 2309, 61137, 65692
53508, 1279, 2668, 79622, 137077
38407, 1155, 2636, 60497, 102695
38595, 1341, 2886, 59483, 102305
41855, 1467, 2808, 60590, 106720
36925, 1061, 2761, 90402, 131149
36472, 1170, 2808, 67455, 107905
46598, 1216, 2840, 60668, 111322
47378, 1045, 2901, 79935, 131259
52088, 1279, 2684, 78156, 134207
3042, 0, 2091, 12495, 17628
38797, 796, 2823, 50061, 92477
50872, 1295, 2652, 69217, 124036
47019, 967, 3057, 88515, 139558
52541, 2106, 4056, 60637, 119340
53586, 999, 2808, 94957, 152350
2839, 0, 2309, 52697, 57845
17144, 702, 3620, 97843, 119309
42245, 889, 2668, 103413, 149215
49015, 921, 2839, 108030, 160805
54662, 1061, 2746, 70886, 129355
57486, 1077, 3026, 126672, 188261
53102, 1108, 3010, 83461, 140681
41886, 2215, 2558, 108452, 155111
47050, 1981, 3463, 120619, 173113
47487, 1107, 2637, 111899, 163130
47284, 827, 2730, 57689, 108530
49390, 1045, 2715, 73569, 126719
41995, 1077, 2714, 51449, 97235
6380, 1404, 2387, 26738, 36909
47253, 889, 2636, 50638, 101416
28985, 811, 2824, 30358, 62978
25522, 920, 2824, 35334, 64600
58110, 1357, 2683, 88141, 150291
34881, 843, 2683, 45958, 84365
43836, 983, 2590, 75051, 122460
33914, 843, 3026, 40841, 78624
31746, 811, 2761, 47768, 83086
6427, 749, 2293, 23619, 33088
37783, 1107, 2855, 55755, 97500
46004, 1794, 2746, 64959, 115503
21575, 826, 2715, 37627, 62743
3135, 0, 2294, 12573, 18002
202, 0, 1872, 1888, 3962
3214, 670, 2309, 12184, 18377
53664, 1294, 2918, 74927, 132803
17503, 905, 2668, 62478, 83554
33915, 1170, 2714, 43134, 80933
52042, 1217, 2964, 74708, 130931
14040, 702, 2558, 86268, 103568
31856, 1248, 2792, 55879, 91775
36457, 1155, 2886, 52400, 92898
36426, 1077, 2761, 50622, 90886
44788, 1295, 2714, 58625, 107422
45505, 1092, 2730, 72010, 121337
42807, 920, 2839, 49608, 96174
52416, 1326, 2715, 72119, 128576
40934, 1233, 2730, 75098, 119995
44959, 1076, 2949, 78749, 127733
3214, 0, 2418, 12308, 17940
47019, 998, 2715, 51339, 102071
7534, 484, 2200, 154346, 164564
3058, 0, 2277, 49000, 54335
47315, 1342, 2886, 59249, 110792
45786, 1326, 2824, 61027, 110963
52697, 1014, 2574, 85394, 141679
44226, 1029, 2871, 66128, 114254
29546, 843, 2621, 109746, 142756
65957, 1217, 2621, 134846, 204641
51043, 1076, 2528, 99621, 154268
44928, 1248, 2917, 64257, 113350
59015, 1342, 2652, 116626, 179635
40311, 1045, 2855, 53134, 97345
40123, 951, 2777, 52089, 95940
52634, 1295, 2933, 108779, 165641
30904, 764, 2762, 34959, 69389
31902, 1030, 3089, 32682, 68703
6973, 1185, 2153, 33961, 44272
50419, 1310, 2871, 115768, 170368
25179, 748, 2730, 33821, 62478
43883, 1123, 2652, 78671, 126329
52089, 1279, 2886, 52946, 109200
45427, 1451, 2839, 92524, 142241
39983, 1092, 2995, 61761, 105831
64974, 1232, 2824, 94458, 163488
72946, 1279, 2574, 133209, 210008
9579, 936, 2418, 33212, 46145
64522, 1154, 2777, 103553, 172006
37877, 983, 2933, 79763, 121556
46239, 983, 2636, 72088, 121946
37721, 905, 2917, 52900, 94443
54538, 1685, 2761, 120417, 179401
40591, 1170, 2855, 62463, 107079
94, 0, 1841, 2106, 4041
35413, 1170, 2683, 65114, 104380
42276, 1466, 2871, 90823, 137436
43821, 998, 2746, 79372, 126937
7722, 936, 2122, 85831, 96611
2372, 0, 2340, 61448, 66160
25522, 1123, 2995, 58625, 88265
51652, 1544, 2839, 93803, 149838
44320, 1357, 2886, 102976, 151539
37518, 1185, 3619, 54585, 96907
26957, 967, 2559, 70855, 101338
44241, 1108, 2870, 79623, 127842
42837, 1155, 2667, 78718, 125377
40904, 1014, 2574, 91775, 136267
52416, 2043, 2996, 89934, 147389
4493, 640, 2324, 81838, 89295
51449, 1528, 2808, 56675, 112460
66050, 2262, 2808, 100355, 171475
50216, 1124, 2979, 92758, 147077
53961, 1529, 2917, 78187, 136594
44428, 968, 2745, 71121, 119262
49498, 1170, 2684, 57501, 110853
21715, 968, 2402, 69046, 94131
55552, 2340, 2777, 126953, 187622
46161, 983, 2574, 59093, 108811
51620, 1217, 2917, 89529, 145283
54756, 1388, 2605, 102883, 161632
51871, 1107, 2730, 45615, 101323
9672, 967, 2371, 136142, 149152
35147, 983, 2995, 44679, 83804
39640, 827, 2730, 51230, 94427
52416, 1217, 2621, 100558, 156812
32167, 921, 2979, 51075, 87142
35927, 827, 2745, 51231, 90730
42026, 1139, 2527, 80543, 126235
60949, 1030, 2995, 106018, 170992
54694, 1092, 2917, 57548, 116251
6177, 796, 2277, 30249, 39499
52385, 1233, 2948, 55879, 112445
47393, 1045, 2512, 95160, 146110
42915, 827, 2902, 79544, 126188
12106, 655, 2278, 39140, 54179
52431, 1295, 2574, 113334, 169634
7160, 812, 2215, 36785, 46972
53758, 920, 2777, 118061, 175516
25007, 843, 2652, 34975, 63477
187, 0, 1763, 2246, 4196
37861, 1092, 2855, 76690, 118498
31496, 780, 2558, 46582, 81416
18143, 1045, 2512, 65676, 87376
2090, 0, 2278, 57970, 62338
39655, 1217, 2870, 49359, 93101
38782, 1107, 2699, 70341, 112929
53242, 1248, 3698, 64038, 122226
42994, 952, 2589, 92118, 138653
52447, 1264, 2620, 44757, 101088
48937, 1108, 2777, 69779, 122601
43228, 951, 2699, 77969, 124847
44116, 1077, 2667, 89981, 137841
51044, 1185, 2902, 80449, 135580
52635, 1373, 3042, 58500, 115550
47549, 1232, 2605, 103491, 154877
68250, 1295, 3010, 96050, 168605
41839, 1045, 2886, 73414, 119184
53758, 998, 2933, 40357, 98046
61542, 1186, 2886, 95644, 161258
48734, 1139, 2730, 80325, 132928
53414, 1264, 2761, 87485, 144924
52416, 1482, 3074, 139121, 196093
60777, 1295, 2730, 97578, 162380
58422, 1357, 2855, 99700, 162334
42495, 936, 2917, 57876, 104224
3307, 0, 2450, 12760, 18517
40670, 842, 2777, 60606, 104895
47799, 1185, 2590, 77860, 129434
39375, 1248, 2761, 105815, 149199
50996, 1077, 2823, 94646, 149542
3136, 0, 2371, 12184, 17691
56784, 1029, 2933, 82119, 142865
39281, 967, 2808, 42323, 85379
40544, 858, 2824, 47206, 91432
10936, 905, 2402, 33447, 47690
26083, 749, 2824, 40529, 70185
50887, 936, 2792, 61870, 116485
33088, 733, 2871, 43586, 80278
56456, 1139, 2824, 65723, 126142
53320, 968, 2854, 67907, 125049
7316, 780, 2480, 113709, 124285
33291, 1029, 2684, 45614, 82618
30716, 733, 2886, 57018, 91353
52587, 1092, 2746, 58266, 114691
47970, 858, 2793, 110183, 161804
36317, 905, 2776, 79810, 119808
61901, 1372, 2886, 98983, 165142
3167, 0, 2371, 12512, 18050
2886, 0, 2215, 12917, 18018
52088, 1155, 2808, 78047, 134098
43867, 1092, 2808, 91479, 139246
20124, 874, 2668, 56378, 80044
46644, 1014, 3260, 94880, 145798
41527, 1061, 2605, 56706, 101899
36707, 1030, 2823, 71214, 111774
35038, 951, 2746, 57127, 95862
35771, 1154, 2996, 61745, 101666
53929, 1264, 2745, 67049, 124987
30436, 811, 2839, 57533, 91619
56332, 1232, 2793, 119621, 179978
51558, 1185, 2933, 71417, 127093
68438, 1201, 2901, 98873, 171413
52104, 1685, 2979, 56223, 112991
3260, 265, 2481, 103787, 109793
47190, 967, 2808, 59140, 110105
46254, 952, 2808, 53961, 103975
41169, 670, 2808, 64444, 109091
55053, 1466, 2730, 125346, 184595
42885, 1607, 2870, 113100, 160462
51355, 1201, 2949, 77719, 133224
44194, 1092, 2777, 92243, 140306
68515, 1435, 2917, 96097, 168964
45255, 1077, 2870, 68001, 117203
46737, 968, 2745, 82634, 133084
50107, 1326, 2730, 100418, 154581
54569, 1326, 2745, 74631, 133271
109, 0, 1919, 2340, 4368
44117, 998, 2761, 85254, 133130
43462, 1014, 2870, 101931, 149277
11840, 671, 2480, 32480, 47471
2262, 0, 2121, 60029, 64412
43446, 920, 2777, 61495, 108638
32261, 733, 2590, 36348, 71932
31622, 764, 2917, 36302, 71605
49967, 936, 2730, 106439, 160072
49218, 983, 2761, 83039, 136001
65707, 1186, 2901, 104926, 174720
11388, 717, 2231, 124972, 139308
53087, 1138, 2793, 53149, 110167
28127, 733, 2808, 53025, 84693
68671, 1186, 2761, 95160, 167778
58469, 1201, 2839, 101057, 163566
42682, 1123, 3104, 68812, 115721
62384, 1264, 2777, 111711, 178136
33696, 967, 2870, 51137, 88670
60076, 936, 2792, 107126, 170930
15475, 874, 2480, 33759, 52588
42791, 936, 3058, 72992, 119777
37502, 1217, 2730, 51824, 93273
94, 0, 1825, 2262, 4181
41698, 1124, 2730, 73632, 119184
28017, 952, 2902, 58827, 90698
55801, 1092, 2637, 94723, 154253
52884, 1155, 2605, 78078, 134722
49218, 1311, 2730, 89138, 142397
51605, 951, 2949, 42322, 97827
2060, 0, 2308, 59702, 64070
35038, 889, 2933, 57486, 96346
32823, 1326, 2730, 61620, 98499
2964, 0, 2278, 49374, 54616
60091, 1436, 2605, 106891, 171023
60856, 1388, 2761, 119715, 184720
28579, 1233, 2574, 108872, 141258
37160, 889, 2777, 73086, 113912
69638, 1233, 2808, 91775, 165454
16427, 905, 2683, 92555, 112570
70387, 998, 2886, 84163, 158434
45256, 1045, 2761, 64943, 114005
22526, 936, 2418, 133724, 159604
46441, 1123, 2840, 66846, 117250
63586, 1295, 2901, 102118, 169900
45989, 983, 2683, 92290, 141945
74631, 1217, 2933, 106314, 185095
41715, 1060, 2621, 82634, 128030
57174, 1341, 2871, 110932, 172318
49047, 1217, 2823, 99731, 152818
64678, 1373, 2886, 109262, 178199
47393, 1295, 2808, 81666, 133162
41262, 999, 2745, 51746, 96752
46550, 1014, 2824, 81105, 131493
45536, 983, 2902, 55036, 104457
11341, 1154, 2450, 98670, 113615
44835, 920, 3026, 57377, 106158
35490, 1123, 2652, 89778, 129043
51823, 1030, 2886, 111478, 167217
46597, 936, 2980, 74880, 125393
20639, 686, 2793, 28548, 52666
11544, 796, 2355, 44117, 58812
28657, 905, 2636, 46582, 78780
78967, 1154, 2980, 86190, 169291
64693, 1217, 3198, 114816, 183924
35833, 1358, 2886, 44101, 84178
43009, 936, 3136, 64443, 111524
42838, 967, 2746, 82414, 128965
38953, 1061, 2699, 88951, 131664
187, 0, 1747, 2324, 4258
53352, 999, 2652, 108560, 165563
40560, 1310, 2839, 74350, 119059
27035, 702, 3042, 32651, 63430
49780, 1248, 2667, 71401, 125096
28844, 764, 2855, 33852, 66315
48251, 1341, 2699, 98514, 150805
31215, 858, 2964, 59546, 94583
59327, 1123, 2730, 102368, 165548
3199, 0, 2184, 12854, 18237
24741, 702, 2746, 24196, 52385
40232, 999, 2667, 118607, 162505
58610, 1419, 2871, 104582, 167482
2060, 0, 2324, 60060, 64444
63773, 1248, 2730, 120775, 188526
36333, 920, 2605, 122507, 162365
2933, 0, 2230, 42120, 47283
47596, 1123, 2902, 92290, 143911
42354, 983, 2902, 46644, 92883
40514, 920, 2699, 70387, 114520
41621, 1529, 2777, 84911, 130838
46301, 1092, 2902, 91900, 142195
58391, 1919, 2995, 87641, 150946
45630, 936, 2995, 55474, 105035
72197, 1326, 2823, 114489, 190835
43009, 1014, 2823, 77423, 124269
60419, 1575, 2949, 85691, 150634
3120, 94, 2418, 12792, 18424
3182, 141, 2277, 13073, 18673
44101, 796, 2964, 79264, 127125
64880, 1919, 2964, 112773, 182536
3073, 562, 2340, 12386, 18361
62353, 1404, 2450, 142506, 208713
64475, 1170, 2761, 91432, 159838
67719, 1170, 3058, 106454, 178401
57596, 1528, 2871, 116111, 178106
3136, 187, 2231, 13463, 19017
3276, 765, 2246, 12418, 18705
17597, 1311, 2886, 30232, 52026
26801, 1092, 2761, 31933, 62587
40809, 1217, 3151, 48267, 93444
46816, 889, 2746, 50325, 100776
32760, 999, 2948, 53774, 90481
14414, 765, 2558, 96393, 114130
36613, 983, 2808, 54335, 94739
59795, 1123, 2714, 74756, 138388
50653, 951, 2668, 78983, 133255
36613, 983, 3011, 67953, 108560
39140, 1014, 2683, 69920, 112757
63149, 1154, 2762, 85457, 152522
3104, 531, 2496, 12449, 18580
3167, 514, 2418, 12730, 18829
39702, 1373, 2886, 54725, 98686
3198, 203, 2465, 12558, 18424
34008, 905, 2871, 44163, 81947
3120, 0, 2074, 13011, 18205
3261, 280, 2278, 12854, 18673
3089, 0, 2386, 12855, 18330
3261, 390, 2324, 29048, 35023
54990, 1264, 2699, 89560, 148513
51106, 1263, 2746, 93382, 148497
3213, 0, 2340, 13432, 18985
3261, 0, 2199, 13260, 18720
31480, 1155, 2855, 55115, 90605
3167, 0, 2418, 12994, 18579
32822, 1280, 2854, 56613, 93569
18813, 952, 3026, 68157, 90948
62197, 1404, 2964, 107485, 174050
38423, 1045, 2964, 93506, 135938
3276, 0, 2371, 12480, 18127
2979, 0, 2293, 12168, 17440
49374, 905, 2871, 123786, 176936
22542, 811, 2325, 132615, 158293
109, 0, 1809, 1982, 3900
3167, 0, 2418, 45645, 51230
3057, 827, 2278, 32385, 38547
2949, 0, 2293, 12761, 18003
17612, 734, 2402, 135627, 156375
2215, 0, 2309, 61776, 66300
8564, 640, 2324, 90090, 101618
3604, 312, 2418, 105783, 112117
3042, 0, 2340, 13166, 18548
11762, 749, 2277, 86393, 101181
17332, 1326, 2308, 89404, 110370
24898, 733, 2839, 25725, 54195
3229, 0, 2418, 12823, 18470
38282, 2278, 2433, 119356, 162349
19781, 998, 2590, 66300, 89669
63570, 905, 2589, 105503, 172567
31778, 2168, 2512, 126531, 162989
17753, 795, 2855, 29937, 51340
66160, 1170, 2636, 127125, 197091
3057, 0, 2247, 11918, 17222
4446, 687, 2215, 81900, 89248
44039, 1279, 2730, 84755, 132803
42946, 1170, 2808, 133365, 180289
3323, 0, 2262, 12839, 18424
13416, 765, 2480, 83819, 100480
36177, 1107, 2683, 131509, 171476
32729, 889, 2667, 42573, 78858
67205, 1326, 2793, 116688, 188012
60824, 1124, 2667, 149480, 214095
47377, 1061, 2777, 65661, 116876
3073, 0, 2293, 12636, 18002
2964, 0, 2340, 12838, 18142
12667, 780, 2528, 89435, 105410
3089, 0, 2434, 12480, 18003
3105, 0, 2246, 12699, 18050
31403, 796, 2808, 42479, 77486
3167, 0, 2340, 12745, 18252
3026, 0, 2294, 12807, 18127
2901, 203, 2215, 12636, 17955
3011, 0, 2387, 12714, 18112
28641, 968, 2792, 74334, 106735
3386, 0, 2293, 12324, 18003
3120, 0, 2262, 12668, 18050
3167, 0, 2309, 12714, 18190
3229, 0, 2278, 12745, 18252
30108, 874, 2902, 42666, 76550
27425, 671, 3089, 77095, 108280
46425, 1498, 2745, 95925, 146593
3152, 0, 2277, 12823, 18252
53041, 1138, 2746, 74412, 131337
3042, 0, 2496, 12823, 18361
219, 0, 2012, 1935, 4166
3182, 0, 2434, 12682, 18298
3556, 0, 2309, 12995, 18860
48345, 1341, 2980, 100558, 153224
3229, 0, 2356, 12605, 18190
3183, 0, 2184, 52072, 57439
3089, 0, 2340, 12948, 18377
10093, 952, 2402, 36052, 49499
2215, 0, 2200, 60856, 65271
25132, 702, 2792, 28065, 56691
2964, 0, 2262, 13089, 18315
76050, 1498, 2652, 88468, 168668
23681, 905, 2340, 123755, 150681
9750, 905, 2512, 122881, 136048
3120, 0, 2215, 12839, 18174
29017, 842, 2668, 71572, 104099
41075, 999, 2652, 130681, 175407
44195, 1279, 2481, 143239, 191194
47689, 1170, 2933, 68999, 120791
47440, 921, 2964, 67173, 118498
52837, 1357, 2793, 60278, 117265
3307, 0, 2434, 13385, 19126
60497, 952, 2948, 112461, 176858
3307, 125, 2293, 13011, 18736
2948, 0, 2450, 12745, 18143
81105, 1060, 2886, 107219, 192270
34523, 936, 2839, 43961, 82259
71105, 1232, 2933, 119403, 194673
68749, 1170, 2668, 135268, 207855
47814, 1186, 2839, 72899, 124738
3136, 0, 2480, 12855, 18471
26972, 796, 2839, 29125, 59732
31388, 951, 2777, 39109, 74225
3245, 0, 2246, 12636, 18127
31481, 890, 2730, 48204, 83305
43555, 1108, 2933, 105284, 152880
3276, 0, 2356, 12371, 18003
3089, 0, 2246, 11996, 17331
28486, 905, 2854, 58734, 90979
2980, 328, 2215, 12620, 18143
52977, 1264, 2855, 109434, 166530
3011, 0, 2293, 50981, 56285
43244, 1139, 2854, 99653, 146890
11559, 890, 2355, 115706, 130510
3120, 0, 2403, 13681, 19204
4102, 0, 2309, 12355, 18766
63211, 1264, 3010, 161492, 228977
3057, 343, 2621, 12449, 18470
3120, 0, 2059, 12449, 17628
43976, 1030, 2714, 59561, 107281
93, 0, 1872, 2122, 4087
43617, 889, 2668, 58906, 106080
3245, 0, 2184, 12418, 17847
49421, 1216, 2668, 65255, 118560
3104, 0, 2450, 12292, 17846
3198, 0, 2371, 12231, 17800
50279, 1186, 2714, 72618, 126797
49701, 952, 2855, 78374, 131882
3120, 905, 2262, 12636, 18923
50279, 967, 2902, 80995, 135143
3042, 0, 2231, 12636, 17909
3167, 0, 2090, 12823, 18080
48267, 858, 2745, 57892, 109762
53087, 2153, 2855, 73741, 131836
48781, 999, 2761, 92492, 145033
3136, 0, 2340, 12745, 18221
1872, 0, 2355, 60310, 64537
3104, 0, 2434, 12246, 17784
27472, 561, 2902, 24757, 55692
19516, 811, 2621, 29905, 52853
52167, 1201, 2793, 91681, 147842
72259, 936, 2871, 92633, 168699
31091, 842, 2777, 32588, 67298
58828, 1497, 2808, 89623, 152756
31372, 671, 2746, 33430, 68219
3010, 172, 2184, 12558, 17924
29297, 624, 2839, 34102, 66862
27971, 592, 3089, 44991, 76643
3323, 0, 2527, 12480, 18330
43525, 1014, 2511, 54741, 101791
2917, 0, 2309, 12433, 17659
47393, 1045, 3042, 84100, 135580
23853, 967, 2480, 107734, 135034
27003, 889, 2730, 82790, 113412
3105, 0, 2277, 12277, 17659
3011, 359, 2293, 12277, 17940
32667, 1029, 3027, 34959, 71682
3229, 0, 2262, 12621, 18112
3229, 0, 2293, 12152, 17674
3042, 0, 2231, 12153, 17426
49967, 1232, 2902, 71214, 125315
3151, 0, 2200, 48594, 53945
35677, 1435, 2465, 78858, 118435
27814, 1155, 2636, 84334, 115939
125, 0, 1887, 1123, 3135
93, 0, 1904, 2012, 4009
32277, 764, 2683, 70747, 106471
30778, 1061, 2496, 76472, 110807
2964, 578, 2340, 12168, 18050
3369, 0, 2340, 12215, 17924
48656, 1232, 2715, 100246, 152849
188, 0, 1700, 2090, 3978
60544, 1373, 2745, 113475, 178137
3229, 249, 2418, 12527, 18423
24975, 827, 2465, 77532, 105799
3260, 0, 2231, 12933, 18424
24804, 936, 2620, 106892, 135252
23041, 889, 2606, 134753, 161289
51480, 1092, 2761, 70154, 125487
50544, 1154, 2746, 82149, 136593
2106, 0, 2199, 61215, 65520
3151, 0, 2512, 12839, 18502
22370, 702, 2699, 26442, 52213
50294, 1045, 2933, 101775, 156047
14945, 780, 2590, 51183, 69498
24165, 889, 2714, 88999, 116767
3370, 0, 2387, 12792, 18549
47315, 1201, 2792, 77704, 129012
26349, 655, 2792, 25865, 55661
3230, 0, 2355, 12901, 18486
62713, 1419, 2668, 113350, 180150
905, 0, 2106, 27004, 30015
37159, 1139, 2964, 67501, 108763
6271, 297, 2402, 143879, 152849
3182, 0, 2480, 12808, 18470
2184, 0, 2433, 61012, 65629
3308, 218, 2309, 12839, 18674
3073, 0, 2387, 12636, 18096
3947, 780, 2355, 80060, 87142
3120, 0, 2528, 12792, 18440
3291, 0, 2356, 12792, 18439
33853, 936, 2542, 54413, 91744
33634, 998, 2480, 125347, 162459
3198, 0, 2308, 12605, 18111
3057, 0, 2496, 12527, 18080
3167, 0, 2168, 12808, 18143
30654, 874, 2886, 34991, 69405
3136, 0, 2386, 12980, 18502
3167, 0, 2355, 12558, 18080
3042, 0, 2262, 12948, 18252
3057, 0, 2481, 12183, 17721
45287, 1060, 2902, 70419, 119668
3089, 0, 2262, 12698, 18049
3198, 0, 2216, 12714, 18128
35053, 889, 2730, 88484, 127156
2964, 0, 2465, 12714, 18143
32573, 967, 2855, 47112, 83507
3276, 0, 2215, 12605, 18096
3105, 0, 2293, 12589, 17987
2964, 0, 2106, 49124, 54194
3152, 0, 2184, 12589, 17925
156, 0, 1841, 2184, 4181
2995, 0, 2215, 12340, 17550
125, 0, 2059, 2278, 4462
30342, 967, 2917, 73695, 107921
29858, 796, 2823, 77299, 110776
3057, 0, 2449, 12902, 18408
3291, 0, 2262, 12527, 18080
3276, 0, 2184, 13229, 18689
54865, 1295, 2823, 67954, 126937
3229, 0, 2309, 12558, 18096
53742, 1233, 2823, 92524, 150322
3417, 0, 2371, 12870, 18658
3276, 0, 2449, 12512, 18237
3572, 0, 2434, 12496, 18502
3322, 0, 2387, 12043, 17752
3261, 0, 2262, 12402, 17925
3105, 0, 2277, 12356, 17738
3104, 0, 2278, 13041, 18423
3183, 0, 2293, 13119, 18595
2979, 0, 2340, 12699, 18018
2933, 0, 2231, 12371, 17535
2917, 0, 2543, 12589, 18049
3214, 0, 2293, 12792, 18299
3276, 0, 2278, 12214, 17768
795, 0, 1810, 27550, 30155
3229, 0, 2387, 12449, 18065
3447, 0, 2309, 13042, 18798
3323, 0, 2355, 12699, 18377
3042, 0, 2230, 12839, 18111
3042, 0, 2465, 12402, 17909
3151, 0, 2153, 13182, 18486
3245, 0, 2293, 12933, 18471
3229, 0, 2231, 12964, 18424
171, 0, 1997, 2200, 4368
3323, 0, 2386, 12761, 18470
2075, 0, 2277, 60123, 64475
3089, 0, 2402, 12730, 18221
56675, 1435, 2761, 112913, 173784
3151, 0, 2324, 12746, 18221
2449, 0, 2293, 60981, 65723
3183, 0, 2387, 12277, 17847
3120, 0, 2309, 12433, 17862
2948, 0, 2324, 12449, 17721
3354, 0, 2200, 12667, 18221
2979, 0, 2403, 12776, 18158
3136, 0, 2511, 13198, 18845
3338, 0, 2356, 12277, 17971
18252, 796, 2496, 30451, 51995
3292, 0, 2200, 12246, 17738
29469, 748, 2918, 33789, 66924
812, 0, 2230, 27394, 30436
2121, 0, 2403, 59280, 63804
2979, 0, 2309, 13167, 18455
3120, 0, 2309, 12527, 17956
3229, 0, 2169, 12636, 18034
3323, 0, 2231, 11887, 17441
30825, 905, 2699, 40420, 74849
3073, 0, 2262, 12293, 17628
2949, 0, 1997, 12682, 17628
31075, 765, 2854, 39968, 74662
32822, 968, 2995, 34257, 71042
2854, 0, 2169, 12605, 17628
9891, 920, 2371, 87485, 100667
3104, 0, 2247, 12495, 17846
3026, 0, 2543, 12636, 18205
46519, 1061, 2917, 57751, 108248
42401, 1045, 2964, 66440, 112850
31060, 780, 2512, 31465, 65817
3058, 0, 2418, 12589, 18065
3276, 0, 2231, 12761, 18268
109, 0, 1872, 2013, 3994
34632, 1108, 2776, 82540, 121056
8955, 343, 2402, 126548, 138248
3151, 0, 2153, 12511, 17815
3338, 0, 2294, 12324, 17956
3089, 0, 2309, 12589, 17987
3027, 0, 2324, 12761, 18112
3261, 0, 2309, 12386, 17956
3229, 0, 2246, 12543, 18018
2996, 0, 2262, 13135, 18393
3042, 0, 2184, 12854, 18080
3136, 0, 2340, 13166, 18642
3152, 0, 2402, 12932, 18486
3105, 0, 2340, 13088, 18533
3135, 0, 2309, 45147, 50591
3603, 0, 2231, 12620, 18454
3697, 0, 2309, 12745, 18751
3198, 0, 2308, 12761, 18267
32666, 1248, 2824, 50918, 87656
3292, 0, 2231, 12183, 17706
3369, 0, 2403, 12277, 18049
3120, 0, 2262, 12433, 17815
3167, 0, 2184, 12589, 17940
3073, 0, 2294, 12386, 17753
842, 0, 2059, 27113, 30014
2839, 0, 2153, 12215, 17207
3042, 0, 2231, 12199, 17472
2168, 0, 2340, 59015, 63523
2996, 0, 2324, 12246, 17566
3120, 0, 2324, 12184, 17628
3260, 0, 2247, 12402, 17909
3291, 0, 2216, 12448, 17955
187, 0, 1919, 1996, 4102
3089, 0, 2231, 12183, 17503
39032, 1014, 2917, 102773, 145736
9999, 874, 2496, 114551, 127920
31263, 983, 2714, 116657, 151617
3010, 0, 2138, 12870, 18018
28314, 671, 2683, 26162, 57830
21263, 764, 2605, 34913, 59545
3245, 0, 2402, 12839, 18486
56191, 1357, 2964, 93117, 153629
3307, 0, 2496, 12433, 18236
3276, 749, 2199, 84708, 90932
2262, 0, 2028, 59327, 63617
3120, 0, 2418, 12433, 17971
3338, 0, 2247, 12526, 18111
12745, 764, 2262, 76269, 92040
49966, 1014, 2762, 119855, 173597
3027, 0, 2371, 12652, 18050
3073, 0, 2231, 12480, 17784
31637, 889, 2886, 32682, 68094
3448, 0, 2277, 12714, 18439
3432, 0, 2247, 12807, 18486
3385, 0, 2527, 12511, 18423
43618, 1030, 2776, 66332, 113756
3400, 0, 2200, 12106, 17706
3338, 0, 2153, 12465, 17956
37986, 1638, 2901, 58875, 101400
780, 0, 2153, 27550, 30483
3105, 0, 2386, 12512, 18003
3089, 0, 2481, 12823, 18393
3011, 0, 2262, 12980, 18253
31247, 1388, 2949, 35662, 71246
31169, 1450, 2964, 70091, 105674
3245, 0, 2496, 12558, 18299
3339, 0, 2542, 12746, 18627
28767, 717, 2839, 40155, 72478
3354, 0, 2511, 12839, 18704
39234, 983, 2824, 117000, 160041
52666, 1030, 2808, 107188, 163692
28751, 702, 2761, 33962, 66176
3401, 0, 2231, 11856, 17488
3245, 0, 2152, 11607, 17004
3916, 0, 1887, 12371, 18174
4025, 0, 2059, 12356, 18440
3167, 0, 2262, 12496, 17925
3369, 0, 2216, 12558, 18143
3120, 0, 2340, 47471, 52931
3151, 0, 2512, 12308, 17971
3432, 0, 2262, 12495, 18189
3120, 0, 2278, 12277, 17675
3151, 0, 2137, 12746, 18034
3120, 0, 2184, 12807, 18111
3042, 0, 2231, 12932, 18205
33134, 2293, 2371, 57174, 94972
3089, 0, 2200, 12886, 18175
3042, 0, 2356, 13182, 18580
53477, 2542, 2403, 73601, 132023
3183, 0, 2277, 12746, 18206
3183, 0, 2309, 12792, 18284
3104, 0, 2324, 12324, 17752
3261, 0, 2277, 12090, 17628
35583, 921, 2870, 69171, 108545
2917, 0, 2215, 12433, 17565
40513, 1124, 2932, 68141, 112710
4852, 218, 2309, 106455, 113834
50919, 1279, 2777, 109964, 164939
2949, 0, 2387, 12542, 17878
31419, 1076, 2761, 45474, 80730
2932, 0, 2247, 12792, 17971
20077, 874, 2293, 135049, 158293
48453, 1280, 2823, 108576, 161132
3120, 0, 2480, 13229, 18829
3261, 0, 2449, 13385, 19095
140, 0, 1779, 2074, 3993
58687, 1108, 2839, 113724, 176358
45380, 1311, 2776, 80278, 129745
37362, 1061, 3104, 79841, 121368
2839, 0, 2199, 12590, 17628
50981, 1497, 2964, 130323, 185765
39577, 1139, 2589, 53836, 97141
3245, 0, 2449, 12106, 17800
3276, 0, 2637, 12573, 18486
30357, 952, 2777, 51682, 85768
3151, 0, 2200, 12480, 17831
2917, 0, 2387, 12308, 17612
2886, 0, 2433, 12387, 17706
748, 0, 1919, 27612, 30279
3135, 0, 2216, 12417, 17768
2168, 0, 2995, 60045, 65208
27893, 1295, 3042, 43977, 76207
35459, 1139, 2995, 49484, 89077
2948, 0, 2418, 12512, 17878
2964, 375, 2199, 13058, 18596
31231, 827, 2667, 44008, 78733
3276, 0, 2246, 12543, 18065
3074, 0, 2152, 47144, 52370
3183, 0, 2449, 12636, 18268
3260, 0, 2356, 12792, 18408
3276, 0, 2356, 12761, 18393
3183, 0, 2262, 12885, 18330
3120, 0, 2278, 12838, 18236
19312, 734, 2542, 76160, 98748
3042, 0, 2137, 12652, 17831
38033, 1092, 2667, 84443, 126235
38033, 1170, 2433, 95114, 136750
3495, 0, 2371, 13010, 18876
34460, 1311, 2761, 64100, 102632
3229, 0, 2309, 13338, 18876
43587, 1606, 2824, 70309, 118326
35896, 1763, 2901, 51636, 92196
3245, 0, 2496, 13213, 18954
43540, 1123, 2855, 105144, 152662
31700, 842, 2870, 42604, 78016
34851, 1029, 2715, 61869, 100464
3089, 0, 2402, 13276, 18767
40919, 1155, 2933, 109091, 154098
3167, 0, 2371, 12449, 17987
3182, 0, 2324, 12262, 17768
2917, 0, 2185, 12542, 17644
41886, 1794, 2917, 59062, 105659
33368, 1779, 2870, 60138, 98155
47143, 1763, 2964, 81214, 133084
46130, 1076, 2902, 90901, 141009
3027, 0, 2480, 12215, 17722
686, 0, 2137, 26505, 29328
28548, 1185, 2995, 51122, 83850
3166, 0, 2247, 12074, 17487
3073, 0, 2309, 12090, 17472
3198, 0, 2246, 12059, 17503
3089, 0, 2153, 12059, 17301
31558, 1046, 2652, 39203, 74459
2949, 0, 2324, 12823, 18096
2917, 0, 2138, 12776, 17831
2917, 203, 2121, 12917, 18158
3276, 733, 2122, 49701, 55832
3229, 0, 2605, 12621, 18455
3151, 0, 2714, 12512, 18377
3495, 0, 2449, 12418, 18362
3416, 0, 2324, 12668, 18408
3354, 0, 2325, 12776, 18455
3027, 0, 2215, 12433, 17675
2886, 0, 2324, 48469, 53679
2995, 0, 2278, 12542, 17815
3151, 0, 2434, 12636, 18221
3120, 0, 2356, 12449, 17925
36536, 1279, 2761, 65660, 106236
34664, 873, 2855, 73445, 111837
3182, 0, 2106, 12667, 17955
3026, 0, 2169, 12402, 17597
2979, 0, 2356, 12402, 17737
3292, 0, 2168, 12496, 17956
3229, 0, 2262, 12605, 18096
3167, 0, 2355, 12917, 18439
3386, 0, 2168, 12901, 18455
3089, 0, 2277, 12980, 18346
3120, 0, 2278, 13197, 18595
3136, 0, 2153, 13478, 18767
22167, 1061, 2387, 76331, 101946
2964, 0, 2870, 12590, 18424
3807, 0, 2152, 12824, 18783
41418, 1154, 2684, 99528, 144784
3073, 0, 2231, 12761, 18065
172, 0, 1872, 2012, 4056
3401, 0, 2152, 13026, 18579
32542, 983, 2839, 54507, 90871
47081, 1373, 3026, 93304, 144784
3276, 0, 2215, 12839, 18330
3338, 0, 2262, 12823, 18423
3151, 0, 2325, 13010, 18486
3339, 0, 2402, 13510, 19251
3291, 0, 2340, 13058, 18689
35615, 1061, 2964, 53336, 92976
40934, 1201, 2824, 64943, 109902
34820, 1014, 2917, 54538, 93289
2106, 0, 2246, 61729, 66081
3463, 0, 2449, 12511, 18423
38890, 1264, 2699, 83023, 125876
34913, 983, 2761, 47517, 86174
24757, 1295, 2699, 52463, 81214
3292, 0, 2324, 12933, 18549
3166, 1155, 2543, 12932, 19796
54569, 1326, 2746, 116173, 174814
3837, 0, 2371, 12824, 19032
3369, 0, 2075, 13432, 18876
733, 0, 2137, 28673, 31543
3291, 0, 2512, 13119, 18922
45100, 1342, 2636, 129106, 178184
3276, 0, 2433, 12886, 18595
3229, 0, 2418, 12870, 18517
3354, 0, 2527, 12699, 18580
31247, 1185, 3074, 64584, 100090
3448, 0, 2386, 12621, 18455
3276, 0, 2231, 12683, 18190
2995, 0, 2512, 12074, 17581
3323, 0, 2278, 47112, 52713
35896, 1279, 2870, 67767, 107812
2855, 0, 2355, 12168, 17378
35693, 1029, 2824, 66799, 106345
2995, 0, 2215, 11934, 17144
47798, 1482, 2964, 76643, 128887
27424, 1576, 2699, 88998, 120697
3245, 0, 2215, 12262, 17722
31762, 1030, 2589, 35319, 70700
3962, 812, 2090, 82477, 89341
3088, 0, 2247, 12277, 17612
33977, 1435, 2762, 52166, 90340
3167, 0, 2293, 12745, 18205
33930, 1669, 2637, 57486, 95722
33056, 874, 2652, 56160, 92742
33353, 983, 2714, 49842, 86892
30654, 1544, 2543, 84303, 119044
21294, 1436, 2698, 61324, 86752
47798, 1467, 2870, 66519, 118654
30810, 1435, 2917, 72244, 107406
3058, 0, 2355, 12293, 17706
2979, 0, 2278, 12433, 17690
24227, 733, 2917, 37051, 64928
25912, 686, 2855, 41964, 71417
30997, 827, 2776, 46988, 81588
43758, 1139, 2621, 90995, 138513
30140, 702, 2995, 33509, 67346
51169, 1575, 2886, 103803, 159433
57611, 1202, 2823, 114489, 176125
3151, 0, 2371, 12355, 17877
3011, 0, 2246, 12574, 17831
2979, 718, 2387, 12823, 18907
3182, 0, 2215, 12808, 18205
31044, 811, 2730, 36535, 71120
3011, 0, 2465, 12573, 18049
31309, 827, 2824, 31683, 66643
27706, 1154, 2621, 61729, 93210
780, 0, 1981, 27893, 30654
3183, 0, 2246, 13619, 19048
2996, 0, 2168, 13416, 18580
3307, 0, 2403, 12324, 18034
3135, 0, 2372, 12448, 17955
30919, 967, 2777, 38220, 72883
202, 0, 1966, 2028, 4196
35100, 920, 2902, 67080, 106002
33197, 1014, 2808, 40373, 77392
3120, 0, 2590, 46675, 52385
3276, 0, 2122, 12589, 17987
3105, 0, 2277, 12636, 18018
2979, 0, 2418, 12636, 18033
35272, 982, 2746, 82321, 121321
2902, 0, 2371, 12090, 17363
35973, 983, 2855, 76471, 116282
48781, 1482, 2855, 70824, 123942
37549, 1341, 3542, 80777, 123209
2371, 0, 2231, 59155, 63757
3198, 0, 2293, 12387, 17878
3057, 0, 2356, 12527, 17940
15647, 1248, 2496, 68188, 87579
3292, 0, 2231, 13197, 18720
3260, 0, 2372, 13072, 18704
3214, 0, 2262, 13104, 18580
34258, 1045, 2730, 46956, 84989
3120, 0, 2387, 13354, 18861
52354, 1123, 2590, 89949, 146016
46800, 967, 2933, 74225, 124925
45069, 982, 2918, 66690, 115659
50186, 1029, 2683, 77018, 130916
3338, 0, 2402, 13073, 18813
39983, 1030, 2714, 75099, 118826
34071, 1357, 2980, 48640, 87048
3401, 0, 2231, 12636, 18268
31294, 1419, 2449, 123693, 158855
3322, 0, 2325, 12745, 18392
3276, 0, 2293, 12808, 18377
3276, 0, 2402, 12449, 18127
36364, 1107, 2824, 66206, 106501
3230, 0, 2152, 11919, 17301
3167, 0, 2293, 12184, 17644
3105, 0, 2153, 11949, 17207
30591, 1264, 2855, 35428, 70138
3011, 0, 2231, 11965, 17207
3027, 0, 2231, 12433, 17691
3135, 0, 2216, 12464, 17815
45708, 1217, 3010, 81713, 131648
3073, 0, 2168, 42074, 47315
36566, 1326, 2917, 82166, 122975
765, 0, 1903, 26364, 29032
2886, 0, 2293, 12542, 17721
3105, 0, 2402, 12667, 18174
13400, 827, 2465, 90792, 107484
32666, 1202, 2698, 47393, 83959
3385, 0, 2309, 12823, 18517
33462, 1248, 2684, 81744, 119138
249, 0, 1763, 2122, 4134
2995, 0, 2371, 12714, 18080
55614, 1232, 2605, 66269, 125720
3214, 0, 2262, 12183, 17659
32713, 796, 2730, 71885, 108124
3182, 0, 2200, 12542, 17924
58875, 1138, 2699, 74693, 137405
3182, 0, 2371, 12636, 18189
54023, 999, 2698, 81713, 139433
3104, 0, 2403, 12636, 18143
2449, 0, 2231, 59748, 64428
2917, 0, 2371, 12184, 17472
3011, 0, 2309, 12246, 17566
11716, 905, 2309, 80168, 95098
33119, 1279, 2808, 105098, 142304
2995, 0, 2746, 12854, 18595
3042, 0, 2184, 12652, 17878
3120, 0, 2418, 13011, 18549
37986, 1341, 2996, 56331, 98654
45537, 1138, 2793, 88499, 137967
23588, 1076, 2402, 82681, 109747
42931, 1154, 2777, 79779, 126641
3120, 0, 2730, 13416, 19266
37050, 2231, 2886, 71838, 114005
43851, 2606, 2964, 74053, 123474
34788, 936, 2762, 49639, 88125
52977, 1077, 2948, 83881, 140883
3042, 0, 2418, 12636, 18096
35069, 1045, 2777, 59327, 98218
3151, 0, 2387, 12308, 17846
3074, 0, 2464, 12855, 18393
3120, 0, 2293, 12746, 18159
50076, 2512, 3026, 100480, 156094
3151, 0, 2372, 12823, 18346
3385, 0, 2387, 12355, 18127
3478, 0, 2294, 12604, 18376
3089, 0, 2277, 12777, 18143
42479, 1092, 3027, 81323, 127921
2949, 0, 2542, 12917, 18408
733, 0, 1950, 27815, 30498
3292, 0, 2464, 13292, 19048
29344, 967, 2839, 42744, 75894
3260, 0, 2543, 13447, 19250
3260, 0, 2231, 50201, 55692
3401, 0, 2371, 12418, 18190
3464, 0, 2293, 11965, 17722
3042, 0, 2324, 11950, 17316
36332, 1046, 2932, 99388, 139698
30295, 1763, 2886, 61854, 96798
39640, 1092, 2854, 80185, 123771
11950, 826, 2450, 98795, 114021
3011, 0, 2247, 13291, 18549
203, 0, 2075, 2184, 4462
2933, 0, 2418, 13041, 18392
35818, 1123, 2995, 67704, 107640
3104, 0, 2122, 12059, 17285
3276, 0, 2122, 12246, 17644
38844, 1701, 2745, 98358, 141648
61168, 1201, 2917, 78562, 143848
3151, 0, 2324, 12824, 18299
60902, 1326, 2871, 81853, 146952
3276, 0, 2558, 12293, 18127
2247, 0, 2371, 58952, 63570
3042, 0, 2371, 12885, 18298
35427, 905, 2855, 41371, 80558
33150, 1014, 2917, 99185, 136266
3261, 0, 2418, 12760, 18439
3245, 0, 2356, 12277, 17878
4867, 858, 2043, 76191, 83959
3183, 0, 2293, 12855, 18331
31839, 1045, 3011, 52463, 88358
3308, 0, 2324, 12745, 18377
3183, 0, 2277, 12777, 18237
42963, 1373, 2854, 78781, 125971
40295, 1014, 2808, 56706, 100823
48860, 1310, 2652, 91135, 143957
45193, 1170, 2589, 89264, 138216
33353, 1092, 3011, 49593, 87049
2902, 0, 2433, 12356, 17691
2886, 827, 2293, 12512, 18518
2948, 0, 2325, 12901, 18174
4040, 0, 2371, 12824, 19235
3947, 0, 2480, 13136, 19563
3869, 0, 2356, 13229, 19454
3868, 0, 2418, 13370, 19656
35412, 999, 2917, 58141, 97469
52478, 1529, 2745, 104115, 160867
3432, 0, 2371, 12558, 18361
3307, 0, 2340, 13276, 18923
27752, 1061, 2917, 77891, 109621
3167, 0, 2527, 12761, 18455
43711, 1154, 2761, 82010, 129636
29546, 999, 2808, 44694, 78047
3292, 0, 2262, 12620, 18174
2933, 0, 2512, 12277, 17722
4087, 0, 2387, 50185, 56659
3276, 0, 1966, 12527, 17769
2886, 0, 2449, 12340, 17675
2980, 0, 2355, 12574, 17909
3198, 0, 2325, 12745, 18268
2917, 0, 2216, 12526, 17659
27643, 983, 2621, 58016, 89263
811, 0, 2013, 27331, 30155
202, 0, 1638, 2294, 4134
2933, 0, 2340, 12495, 17768
2979, 0, 2309, 12496, 17784
44569, 1732, 3026, 78390, 127717
10311, 593, 2340, 98608, 111852
733, 0, 2137, 26442, 29312
3291, 0, 2418, 13526, 19235
32385, 874, 2792, 74569, 110620
3806, 0, 2371, 13073, 19250
4040, 0, 2465, 12495, 19000
53991, 1139, 2808, 88873, 146811
3401, 0, 2356, 12604, 18361
42868, 1077, 2652, 76986, 123583
2028, 0, 2199, 60840, 65067
37363, 904, 2684, 36067, 77018
2964, 0, 2386, 12527, 17877
3026, 0, 2247, 12449, 17722
2932, 0, 2450, 12979, 18361
3323, 0, 2262, 12636, 18221
33711, 1124, 2698, 47066, 84599
3120, 0, 2231, 12526, 17877
3042, 0, 2153, 12417, 17612
54148, 1092, 2839, 88374, 146453
37190, 1186, 2745, 90855, 131976
33212, 998, 2902, 51106, 88218
37924, 1092, 2933, 64428, 106377
3057, 250, 2293, 12730, 18330
2932, 0, 2325, 12620, 17877
31700, 904, 2730, 44850, 80184
12605, 1841, 2698, 93210, 110354
3167, 0, 2496, 12152, 17815
2980, 0, 2605, 12231, 17816
3151, 0, 2278, 12729, 18158
40950, 1154, 2855, 98967, 143926
3338, 0, 2372, 12293, 18003
42121, 1154, 2777, 94754, 140806
36831, 1202, 2948, 59717, 100698
3027, 0, 2309, 12402, 17738
3167, 0, 2293, 12340, 17800
3089, 0, 2215, 12511, 17815
32355, 1201, 2980, 70590, 107126
3339, 0, 2324, 12043, 17706
3058, 0, 2371, 11856, 17285
3089, 0, 2247, 12277, 17613
3042, 0, 2262, 12651, 17955
28485, 1404, 2777, 38548, 71214
3042, 0, 2231, 12527, 17800
2871, 0, 2386, 12106, 17363
2871, 0, 2184, 43103, 48158
3166, 0, 2216, 12433, 17815
3292, 0, 2153, 12261, 17706
2917, 0, 2075, 12371, 17363
811, 0, 1950, 26848, 29609
3058, 0, 2356, 12074, 17488
3104, 0, 2169, 12511, 17784
3074, 0, 2168, 12730, 17972
46956, 1654, 2792, 71963, 123365
3182, 0, 2153, 13010, 18345
187, 0, 1856, 2262, 4305
28673, 1045, 2558, 66503, 98779
3151, 0, 2402, 12371, 17924
37518, 1014, 2761, 75348, 116641
11481, 780, 2512, 120619, 135392
3027, 0, 2184, 12496, 17707
37487, 1123, 2590, 78608, 119808
2480, 0, 2324, 60419, 65223
2995, 0, 2262, 12543, 17800
2964, 0, 2309, 12543, 17816
2808, 0, 2293, 12761, 17862
17986, 1248, 2684, 67002, 88920
3136, 0, 2355, 12979, 18470
3152, 0, 2355, 12808, 18315
5258, 811, 2309, 69919, 78297
3104, 0, 2450, 12433, 17987
30374, 1310, 2777, 81479, 115940
3042, 0, 2231, 12293, 17566
3230, 0, 2433, 12589, 18252
24383, 1061, 2714, 80059, 108217
3120, 0, 2278, 12620, 18018
39218, 1544, 2824, 105487, 149073
6349, 718, 2668, 29905, 39640
3292, 0, 2293, 12620, 18205
3010, 0, 2543, 12636, 18189
3401, 484, 2371, 16333, 22589
3369, 0, 2247, 12542, 18158
41699, 1435, 2668, 121961, 167763
2917, 406, 2106, 12573, 18002
3073, 0, 2387, 12667, 18127
6334, 733, 2309, 38313, 47689
37908, 1030, 2605, 112694, 154237
3104, 203, 2324, 12480, 18111
3057, 0, 2340, 12652, 18049
3214, 0, 2449, 12246, 17909
3245, 0, 2356, 12558, 18159
3167, 0, 2371, 12543, 18081
3027, 0, 2371, 50840, 56238
3152, 0, 2293, 12839, 18284
2979, 0, 2340, 12746, 18065
3198, 0, 2481, 12308, 17987
45318, 999, 2683, 106688, 155688
3276, 0, 2543, 12651, 18470
3838, 530, 2247, 52697, 59312
48204, 983, 2668, 121820, 173675
795, 0, 2153, 26957, 29905
53742, 1372, 2621, 134161, 191896
3136, 0, 2262, 12807, 18205
3338, 0, 2371, 13073, 18782
3447, 0, 2200, 13057, 18704
20529, 1233, 2621, 44897, 69280
109, 0, 1934, 2106, 4149
57564, 1108, 2776, 122804, 184252
8268, 1123, 2465, 47798, 59654
3105, 1123, 2246, 12246, 18720
3260, 0, 2091, 12308, 17659
2979, 0, 2340, 11965, 17284
2808, 0, 2434, 12106, 17348
2808, 0, 2355, 12449, 17612
2933, 639, 2231, 13447, 19250
2839, 0, 2372, 12417, 17628
3058, 0, 2309, 12230, 17597
2808, 0, 2371, 12855, 18034
48625, 999, 2870, 90153, 142647
16318, 936, 2386, 70840, 90480
2137, 0, 2231, 60840, 65208
46347, 1170, 2855, 100542, 150914
3104, 0, 2480, 12387, 17971
3105, 0, 2371, 12808, 18284
28938, 874, 2543, 62010, 94365
46191, 1592, 2792, 74989, 125564
3510, 0, 2215, 12964, 18689
3635, 0, 2589, 13260, 19484
3479, 0, 2527, 12668, 18674
3229, 0, 2667, 12714, 18610
3073, 0, 2449, 12870, 18392
60762, 1701, 2808, 111602, 176873
40966, 967, 2730, 88998, 133661
11232, 609, 2605, 42089, 56535
3120, 0, 2387, 12824, 18331
3214, 0, 2449, 12823, 18486
3276, 0, 2231, 12511, 18018
32308, 811, 2808, 30904, 66831
3214, 0, 2044, 49998, 55256
16193, 811, 2699, 38501, 58204
3432, 0, 2511, 12168, 18111
3634, 0, 2309, 12808, 18751
3042, 0, 2278, 12495, 17815
2948, 0, 2246, 12730, 17924
3120, 0, 2418, 12620, 18158
54554, 1201, 2745, 108327, 166827
27331, 577, 2636, 30717, 61261
56409, 1186, 2699, 110058, 170352
3026, 0, 2122, 12371, 17519
33400, 1045, 2870, 65177, 102492
2933, 0, 2184, 12480, 17597
50934, 1030, 2823, 142522, 197309
58858, 1420, 2995, 122133, 185406
3323, 874, 2340, 102757, 109294
3027, 0, 2168, 12558, 17753
21996, 1232, 2886, 67938, 94052
202, 0, 1779, 2262, 4243
27331, 920, 2605, 44273, 75129
3213, 0, 2403, 13057, 18673
46488, 1217, 2699, 84568, 134972
3011, 0, 2356, 12761, 18128
34071, 811, 2948, 53228, 91058
2106, 0, 2246, 58344, 62696
3245, 0, 2480, 12933, 18658
56472, 1545, 2917, 109106, 170040
59374, 1404, 3011, 112180, 175969
3136, 0, 2137, 12745, 18018
37580, 1108, 2683, 50138, 91509
27456, 780, 2715, 33072, 64023
38438, 1155, 2683, 82992, 125268
3105, 0, 2340, 12745, 18190
3073, 0, 2402, 12917, 18392
43555, 936, 2918, 85472, 132881
3151, 0, 2247, 12371, 17769
3244, 0, 2247, 11918, 17409
3089, 0, 2230, 12324, 17643
3244, 0, 2106, 12512, 17862
2948, 0, 2106, 12839, 17893
3042, 0, 2215, 12698, 17955
21668, 936, 2714, 40545, 65863
3136, 0, 2262, 12480, 17878
3136, 0, 2605, 42931, 48672
24290, 998, 2543, 91946, 119777
3339, 0, 2418, 11934, 17691
45303, 1061, 2808, 82883, 132055
39858, 1154, 2980, 90277, 134269
51917, 936, 2824, 79997, 135674
50825, 1467, 2917, 91120, 146329
49249, 1108, 2714, 83413, 136484
2964, 0, 2294, 13338, 18596
3104, 0, 2356, 13837, 19297
29952, 920, 2621, 52432, 85925
3276, 0, 3120, 13026, 19422
3229, 0, 2371, 13416, 19016
3417, 0, 2449, 12995, 18861
3370, 0, 2465, 12963, 18798
3214, 0, 2340, 12792, 18346
3074, 0, 2402, 12667, 18143
29656, 858, 2901, 30186, 63601
3354, 0, 2293, 12496, 18143
36582, 1185, 2777, 56067, 96611
3167, 0, 2371, 12199, 17737
35943, 1029, 2762, 70434, 110168
702, 0, 1981, 26879, 29562
2886, 0, 2012, 12449, 17347
30109, 858, 2808, 60980, 94755
203, 0, 1794, 2075, 4072
28470, 889, 2979, 31388, 63726
3385, 0, 2309, 12495, 18189
54179, 920, 2948, 81776, 139823
45849, 1404, 2870, 96611, 146734
34492, 1248, 2714, 44117, 82571
16146, 748, 2372, 125518, 144784
54912, 1123, 2871, 80215, 139121
2169, 0, 2293, 60450, 64912
3183, 0, 2262, 12464, 17909
3245, 0, 2106, 12558, 17909
3151, 0, 2247, 12885, 18283
35942, 952, 2854, 72338, 112086
3245, 0, 2262, 12714, 18221
3151, 0, 2247, 12542, 17940
36816, 967, 2652, 55957, 96392
47549, 1279, 2886, 83273, 134987
3291, 0, 2512, 12417, 18220
3198, 0, 2402, 12433, 18033
3105, 0, 2246, 12371, 17722
2964, 0, 2309, 12449, 17722
2948, 0, 2465, 12854, 18267
15335, 889, 2465, 89373, 108062
3089, 0, 2558, 12667, 18314
3073, 0, 2403, 12511, 17987
46348, 983, 2886, 72805, 123022
41059, 1123, 2855, 84708, 129745
2917, 0, 2512, 41730, 47159
3182, 0, 2262, 12511, 17955
32511, 920, 2715, 77251, 113397
45662, 1138, 2777, 107204, 156781
3027, 0, 2418, 12916, 18361
49748, 1201, 2715, 86580, 140244
3120, 0, 2340, 12948, 18408
3198, 0, 2278, 12464, 17940
54756, 1092, 2761, 97828, 156437
36270, 1030, 2792, 61808, 101900
93, 0, 1857, 2090, 4040
94, 0, 1950, 2012, 4056
32745, 1061, 2745, 66659, 103210
3401, 0, 2293, 12605, 18299
3166, 0, 2325, 12542, 18033
3198, 0, 2340, 12433, 17971
94, 0, 1887, 2106, 4087
78, 0, 1778, 2309, 4165
187, 0, 2012, 2153, 4352
29297, 749, 3042, 34351, 67439
33806, 1060, 3042, 46161, 84069
94, 0, 2028, 2230, 4352
78, 0, 1810, 1934, 3822
3135, 0, 2621, 12792, 18548
28439, 1077, 2776, 37394, 69686
94, 0, 1638, 2277, 4009
36317, 967, 2902, 70309, 110495
733, 0, 2231, 26879, 29843
172, 0, 1965, 2138, 4275
187, 0, 1919, 2028, 4134
187, 0, 1888, 1997, 4072
188, 0, 1950, 2028, 4166
48204, 983, 2933, 65177, 117297
203, 0, 1872, 2044, 4119
2231, 0, 2215, 59327, 63773
172, 0, 1700, 1982, 3854
141, 0, 1996, 1997, 4134
172, 0, 1996, 1982, 4150
27628, 889, 2824, 45614, 76955
187, 0, 1888, 1966, 4041
2106, 0, 2278, 59826, 64210
2230, 0, 2387, 60653, 65270
52447, 1030, 2886, 50949, 107312
188, 0, 2043, 2059, 4290
109, 0, 2044, 1934, 4087
2059, 0, 2418, 60497, 64974
141, 0, 2199, 2247, 4587
51075, 998, 2886, 74131, 129090
172, 0, 1903, 2169, 4244
78, 0, 1997, 2433, 4508
187, 0, 1919, 2028, 4134
2371, 0, 2153, 60169, 64693
156, 0, 1872, 2169, 4197
2230, 0, 2169, 60933, 65332
94, 0, 2059, 2106, 4259
2028, 0, 2153, 59561, 63742
36052, 983, 2683, 107172, 146890
2121, 0, 2340, 58547, 63008
3011, 0, 2215, 12573, 17799
171, 0, 1857, 1934, 3962
2043, 0, 2309, 58859, 63211
94, 0, 1856, 2309, 4259
2309, 0, 2246, 60357, 64912
702, 0, 2153, 27799, 30654
1966, 0, 2371, 60107, 64444
188, 0, 1747, 2121, 4056
2168, 0, 2403, 61136, 65707
2512, 0, 2324, 60263, 65099
172, 0, 1872, 2028, 4072
2075, 0, 2418, 60107, 64600
2371, 0, 2481, 59857, 64709
172, 0, 1794, 2777, 4743
2246, 343, 2340, 61699, 66628
2355, 16, 2246, 61387, 66004
2060, 514, 2325, 57782, 62681
156, 0, 1591, 2106, 3853
141, 0, 2043, 1903, 4087
2184, 0, 2496, 61121, 65801
2402, 0, 2278, 61121, 65801
2168, 0, 2169, 59982, 64319
2012, 0, 2340, 60762, 65114
2138, 436, 2387, 60747, 65708
2652, 0, 2012, 60513, 65177
1716, 0, 2386, 55599, 59701
2075, 0, 2122, 62025, 66222
2231, 0, 2387, 60543, 65161
2153, 0, 2403, 62337, 66893
2480, 390, 2278, 88452, 93600
2028, 0, 2262, 59936, 64226
7535, 234, 2277, 156968, 167014
2199, 0, 2169, 60933, 65301
2121, 0, 2309, 61496, 65926
2153, 0, 2277, 60700, 65130
94, 0, 1856, 1935, 3885
11871, 578, 2449, 150774, 165672
5726, 749, 2542, 152725, 161742
2340, 0, 2247, 62119, 66706
187, 0, 1888, 2262, 4337
187, 0, 1950, 2168, 4305
2106, 0, 2511, 60778, 65395
140, 0, 1888, 2215, 4243
2090, 0, 2434, 63367, 67891
2231, 0, 2496, 60715, 65442
2901, 0, 2309, 12605, 17815
93, 0, 1857, 2293, 4243
93, 0, 2028, 2106, 4227
110, 0, 1809, 2247, 4166
124, 0, 1935, 2137, 4196
16053, 796, 2574, 165110, 184533
125, 0, 1794, 2091, 4010
78, 0, 1841, 2106, 4025
78, 0, 1841, 2309, 4228
125, 0, 1981, 2138, 4244
110, 0, 1918, 2231, 4259
2231, 0, 2434, 59576, 64241
78, 0, 1888, 1950, 3916
2324, 0, 2325, 59296, 63945
93, 0, 1685, 2215, 3993
171, 0, 1826, 1887, 3884
172, 0, 1888, 2028, 4088
749, 0, 2012, 27019, 29780
15335, 499, 2496, 169401, 187731
2043, 0, 2231, 60793, 65067
3432, 0, 2262, 12776, 18470
3479, 0, 2277, 12714, 18470
3276, 530, 2278, 12808, 18892
874, 0, 2043, 26832, 29749
936, 0, 2106, 26801, 29843
2028, 0, 2355, 61807, 66190
764, 0, 1935, 27237, 29936
2106, 0, 2449, 60170, 64725
873, 172, 1950, 27082, 30077
2886, 0, 2386, 12324, 17596
2074, 0, 2262, 61761, 66097
3104, 0, 2215, 12277, 17596
764, 0, 2075, 26723, 29562
3291, 0, 2200, 12823, 18314
764, 0, 2247, 27066, 30077
3323, 0, 2230, 12948, 18501
999, 0, 1965, 27066, 30030
3385, 0, 2559, 12823, 18767
3292, 0, 2308, 12605, 18205
2840, 0, 2449, 12776, 18065
795, 0, 2200, 26489, 29484
811, 0, 1919, 27425, 30155
780, 0, 1966, 27534, 30280
562, 0, 2215, 27659, 30436
3011, 0, 2496, 13026, 18533
3339, 0, 2402, 12776, 18517
749, 156, 2106, 63617, 66628
3510, 0, 2231, 12511, 18252
904, 0, 2138, 27877, 30919
3136, 0, 2153, 13057, 18346
780, 0, 1981, 26723, 29484
3167, 0, 2309, 12105, 17581
765, 0, 2152, 26723, 29640
3229, 0, 2184, 12402, 17815
718, 0, 2371, 27394, 30483
3198, 0, 2184, 12480, 17862
3027, 0, 2230, 12761, 18018
765, 0, 2028, 28017, 30810
718, 0, 2293, 26255, 29266
2918, 0, 2449, 12870, 18237
796, 0, 2371, 26613, 29780
3401, 0, 2324, 12777, 18502
780, 0, 1950, 27456, 30186
51621, 1092, 2948, 43961, 99622
3089, 0, 2371, 12979, 18439
31980, 1279, 2761, 67673, 103693
686, 0, 2075, 27471, 30232
3260, 0, 2231, 12371, 17862
780, 0, 1919, 27393, 30092
3089, 0, 2386, 12215, 17690
562, 0, 2527, 27362, 30451
748, 0, 2169, 26988, 29905
3074, 0, 2308, 12605, 17987
671, 0, 2230, 26848, 29749
764, 0, 2356, 26878, 29998
3182, 0, 2387, 12761, 18330
3183, 0, 2230, 12917, 18330
812, 0, 2215, 26707, 29734
29079, 873, 2528, 88623, 121103
3322, 0, 2169, 12386, 17877
3089, 0, 2199, 12262, 17550
687, 0, 1934, 26271, 28892
827, 0, 2044, 26067, 28938
749, 0, 2199, 27129, 30077
3182, 0, 2262, 12324, 17768
3058, 0, 2200, 12199, 17457
686, 0, 2278, 26442, 29406
796, 0, 2168, 26864, 29828
686, 0, 2059, 26474, 29219
2964, 0, 2278, 11996, 17238
3338, 0, 2278, 12324, 17940
733, 0, 2215, 26380, 29328
3229, 0, 2278, 12792, 18299
3058, 0, 2371, 12667, 18096
3042, 0, 2278, 43680, 49000
749, 0, 1919, 26691, 29359
3073, 0, 2325, 12839, 18237
749, 0, 1887, 27862, 30498
2980, 0, 2356, 12682, 18018
811, 0, 2059, 26926, 29796
718, 0, 2168, 27129, 30015
3136, 0, 2277, 12980, 18393
3261, 0, 2231, 12371, 17863
796, 0, 2028, 28080, 30904
3198, 0, 2230, 12091, 17519
796, 0, 2028, 27097, 29921
748, 0, 2091, 26192, 29031
3026, 0, 2450, 12714, 18190
717, 0, 1950, 26911, 29578
3432, 0, 2106, 12480, 18018
3105, 0, 2262, 12324, 17691
3058, 0, 2231, 12449, 17738
827, 0, 2059, 27176, 30062
764, 0, 2246, 26817, 29827
826, 0, 1919, 27129, 29874
3213, 0, 2325, 12807, 18345
796, 0, 2184, 26239, 29219
3182, 0, 2168, 12933, 18283
2979, 0, 2527, 12465, 17971
718, 0, 2028, 27565, 30311
686, 0, 1981, 27066, 29733
3026, 0, 2372, 12589, 17987
3182, 0, 2465, 12761, 18408
796, 0, 2137, 27425, 30358
3120, 0, 2308, 13042, 18470
764, 0, 2137, 27456, 30357
655, 0, 2075, 26973, 29703
3276, 0, 2387, 12714, 18377
3183, 0, 2371, 12495, 18049
764, 0, 2059, 27878, 30701
3167, 0, 2262, 13057, 18486
842, 0, 2106, 27690, 30638
686, 0, 2075, 27674, 30435
3073, 0, 2309, 13166, 18548
3198, 0, 2324, 12870, 18392
826, 0, 2231, 27472, 30529
640, 0, 2184, 27549, 30373
3042, 0, 2433, 13011, 18486
3292, 0, 2496, 12495, 18283
702, 0, 1981, 28283, 30966
749, 0, 2184, 27675, 30608
3308, 0, 2480, 12745, 18533
3152, 0, 2121, 13354, 18627
671, 0, 2246, 28018, 30935
702, 0, 2215, 27909, 30826
2995, 0, 2402, 13120, 18517
811, 0, 2106, 28720, 31637
3198, 0, 2137, 13416, 18751
671, 0, 2090, 27768, 30529
3120, 0, 2480, 13167, 18767
764, 0, 2231, 27596, 30591
796, 0, 2152, 29110, 32058
47, 0, 1919, 998, 2964
78, 0, 1841, 2371, 4290
3603, 0, 3183, 17518, 24304
717, 0, 2138, 27690, 30545
686, 0, 2215, 27753, 30654
624, 0, 2356, 27877, 30857
3167, 0, 2356, 12589, 18112
827, 0, 2901, 26942, 30670
780, 0, 2013, 25802, 28595
734, 0, 2012, 26614, 29360
3245, 0, 2340, 10983, 16568
3089, 0, 2340, 9921, 15350
764, 0, 2184, 24352, 27300
718, 0, 2122, 24429, 27269
717, 0, 2216, 23415, 26348
764, 0, 2091, 22526, 25381
35615, 0, 2980, 13619, 52214
39156, 0, 2558, 10483, 52197
29983, 0, 2730, 20592, 53305
3229, 0, 2246, 37846, 43321
2215, 0, 2434, 49717, 54366
4540, 0, 2200, 9266, 16006
4586, 0, 2184, 9282, 16052
4571, 0, 2199, 9298, 16068
4539, 0, 2216, 9360, 16115
4571, 0, 2184, 9422, 16177
4556, 0, 2184, 9453, 16193
4540, 0, 2200, 9485, 16225
1623, 0, 1466, 8362, 11451
1653, 0, 1498, 8315, 11466
1841, 0, 1482, 8299, 11622
4509, 0, 2246, 30873, 37628
4462, 0, 2278, 33758, 40498
4508, 0, 2278, 34710, 41496
1607, 0, 1466, 8611, 11684
4539, 0, 2231, 34929, 41699
4586, 0, 2169, 34991, 41746
1591, 0, 1482, 8580, 11653
4524, 15, 2262, 35350, 42151
4524, 0, 2231, 36176, 42931
4477, 0, 2278, 36504, 43259
4508, 0, 2247, 36535, 43290
1623, 0, 1497, 30233, 33353
1576, 0, 1419, 8518, 11513
1623, 0, 1497, 33712, 36832
1622, 0, 1482, 8627, 11731
1654, 0, 1497, 33743, 36894
1669, 0, 1482, 8627, 11778
1747, 0, 1498, 34164, 37409
1684, 0, 1467, 8564, 11715
1654, 0, 1497, 8315, 11466
1622, 0, 1498, 8299, 11419
1623, 0, 1497, 32199, 35319
1623, 0, 1450, 8705, 11778
1638, 0, 1513, 8471, 11622
1653, 0, 1513, 8612, 11778
1607, 0, 1623, 8096, 11326
1622, 0, 1513, 29874, 33009
1607, 0, 1482, 29968, 33057
1653, 0, 1482, 8065, 11200
1653, 0, 1545, 30732, 33930
1638, 0, 1498, 32962, 36098
1638, 0, 1497, 8440, 11575
1622, 0, 1498, 34569, 37689
1607, 0, 1482, 8471, 11560
1669, 0, 1497, 35303, 38469
1622, 0, 1482, 31356, 34460
1622, 0, 1685, 8549, 11856
1591, 0, 1498, 30170, 33259
1825, 0, 1592, 8845, 12262
1638, 0, 1513, 34008, 37159
1684, 0, 1529, 35631, 38844
1623, 0, 1497, 34757, 37877
1638, 0, 1482, 31715, 34835
1607, 0, 1451, 8361, 11419
1592, 0, 1450, 35740, 38782
1592, 0, 1497, 34305, 37394
1809, 0, 1513, 29781, 33103
1856, 0, 1514, 30310, 33680
1622, 0, 1482, 8705, 11809
1794, 0, 1514, 35162, 38470
1622, 0, 1498, 8486, 11606
1731, 0, 1545, 33711, 36987
9157, 0, 1592, 29655, 40404
13682, 0, 1638, 24570, 39890
1591, 0, 1482, 31668, 34741
1638, 16, 1513, 8409, 11576
1685, 0, 1513, 8456, 11654
1607, 0, 1498, 34959, 38064
2277, 0, 1498, 32900, 36675
1638, 0, 1497, 8050, 11185
1638, 0, 1466, 8206, 11310
1576, 0, 1466, 34149, 37191
11013, 0, 1591, 33151, 45755
1607, 0, 1498, 8190, 11295
1607, 0, 1497, 30967, 34071
1716, 0, 1513, 9391, 12620
1763, 0, 1544, 8518, 11825
1591, 0, 1420, 33805, 36816
1591, 0, 1716, 33556, 36863
1654, 0, 1529, 30248, 33431
1638, 0, 1482, 31325, 34445
94, 0, 1404, 1466, 2964
1623, 0, 1497, 8143, 11263
1622, 0, 1498, 32167, 35287
1607, 0, 1451, 33446, 36504
93, 0, 1451, 1638, 3182
124, 0, 1514, 1372, 3010
1622, 0, 1513, 31622, 34757
1638, 0, 1482, 35553, 38673
1638, 0, 1576, 8315, 11529
1591, 0, 1466, 31465, 34522
1591, 0, 1560, 8112, 11263
1638, 0, 1607, 8393, 11638
1591, 0, 1576, 8362, 11529
1576, 0, 1575, 8643, 11794
1654, 0, 1591, 27269, 30514
1326, 0, 1498, 41449, 44273
1357, 0, 1498, 42089, 44944
1794, 0, 1747, 8361, 11902
1357, 0, 1700, 41574, 44631
1903, 0, 1654, 8408, 11965
1607, 0, 1591, 8112, 11310
18174, 0, 1779, 31184, 51137
9188, 0, 1670, 41901, 52759
1638, 0, 1560, 8346, 11544
1607, 0, 1560, 8315, 11482
1654, 0, 1607, 8486, 11747
8658, 0, 1544, 76019, 86221
1591, 0, 1560, 8408, 11559
29499, 0, 1748, 60824, 92071
1622, 0, 1607, 8252, 11481
1606, 0, 1607, 8284, 11497
48719, 0, 1888, 39951, 90558
1592, 0, 1560, 8502, 11654
34632, 0, 1809, 63180, 99621
1638, 0, 1591, 8393, 11622
1623, 0, 1560, 8268, 11451
16739, 0, 1701, 81057, 99497
1591, 0, 1560, 8237, 11388
1591, 0, 1560, 8252, 11403
1622, 0, 1591, 8237, 11450
1638, 0, 1592, 8658, 11888
1638, 0, 1591, 8705, 11934
1685, 0, 1576, 8486, 11747
53851, 0, 2137, 56644, 112632
13603, 0, 1685, 92383, 107671
1654, 0, 1591, 8502, 11747
1607, 0, 1560, 8689, 11856
1606, 0, 1763, 8643, 12012
5975, 0, 1623, 30264, 37862
1763, 0, 1669, 8253, 11685
1622, 0, 1560, 8502, 11684
1622, 0, 1498, 8408, 11528
1638, 0, 1591, 8330, 11559
30576, 0, 1982, 13618, 46176
31450, 0, 1981, 13322, 46753
1622, 0, 1607, 8299, 11528
1669, 0, 1623, 8455, 11747
1638, 0, 1575, 8518, 11731
1622, 0, 1560, 8424, 11606
1622, 0, 1607, 8206, 11435
1607, 0, 1606, 8315, 11528
33338, 0, 1903, 16520, 51761
1638, 0, 1607, 8392, 11637
1670, 0, 1575, 8455, 11700
1638, 0, 1607, 8346, 11591
1591, 0, 1560, 8221, 11372
1654, 0, 1529, 8486, 11669
1623, 0, 1560, 8704, 11887
94, 0, 1466, 1420, 2980
2075, 0, 1575, 8237, 11887
2059, 0, 1607, 8424, 12090
2028, 0, 1591, 8346, 11965
50466, 0, 2121, 44195, 96782
16084, 0, 1685, 78094, 95863
1545, 0, 1591, 8283, 11419
1607, 0, 1575, 36660, 39842
1622, 0, 1560, 8268, 11450
1607, 0, 1606, 8237, 11450
1700, 0, 1669, 8502, 11871
1606, 0, 1576, 8611, 11793
1622, 0, 1560, 8237, 11419
1606, 0, 1592, 8346, 11544
3167, 0, 1591, 40357, 45115
1607, 0, 1591, 8455, 11653
35630, 0, 1872, 13900, 51402
1607, 0, 1560, 8533, 11700
1622, 0, 1592, 8689, 11903
1623, 0, 1606, 8783, 12012
1638, 0, 1716, 8923, 12277
37627, 0, 1888, 16879, 56394
1778, 0, 1622, 42557, 45957
31933, 0, 1841, 28673, 62447
1903, 0, 1794, 9516, 13213
1825, 0, 1778, 9501, 13104
1857, 0, 1747, 9625, 13229
2012, 0, 1748, 10077, 13837
1950, 0, 1779, 9703, 13432
1778, 0, 1763, 10093, 13634
1966, 0, 1872, 9766, 13604
42167, 0, 1794, 103350, 147311
1903, 0, 2013, 9672, 13588
453, 0, 1778, 10826, 13057
2230, 0, 1872, 9953, 14055
1872, 0, 1778, 10094, 13744
1841, 0, 1981, 10171, 13993
14211, 0, 1872, 29859, 45942
1810, 0, 1965, 10265, 14040
717, 0, 1685, 21715, 24117
187, 0, 1732, 1825, 3744
687, 0, 1731, 22964, 25382
2059, 0, 1903, 10312, 14274
1997, 0, 1810, 10483, 14290
34725, 0, 2060, 16442, 53227
1810, 0, 1841, 10733, 14384
35989, 0, 2278, 16442, 54709
38064, 0, 2200, 17347, 57611
1935, 0, 1872, 10717, 14524
2246, 0, 2231, 10671, 15148
2013, 0, 1778, 42432, 46223
21013, 0, 1716, 104208, 126937
38391, 0, 2075, 88016, 128482
1560, 0, 1857, 53633, 57050
52509, 0, 2262, 82041, 136812
2122, 0, 2262, 11279, 15663
2168, 0, 2122, 10935, 15225
44616, 0, 2574, 18330, 65520
49780, 0, 2792, 19703, 72275
2060, 0, 2168, 11388, 15616
2293, 0, 2169, 11232, 15694
2184, 0, 2012, 11061, 15257
2277, 0, 1997, 11279, 15553
37425, 0, 2449, 47486, 87360
1966, 0, 1997, 11388, 15351
2060, 0, 2371, 11247, 15678
18284, 0, 2215, 68328, 88827
13120, 0, 2355, 79249, 94724
3042, 0, 1887, 115971, 120900
2060, 0, 2402, 11326, 15788
77734, 0, 2606, 45131, 125471
2106, 0, 2277, 11544, 15927
7847, 0, 2184, 125768, 135799
2247, 0, 2262, 10982, 15491
2262, 0, 2168, 11388, 15818
2215, 0, 2199, 11482, 15896
9423, 0, 2168, 133131, 144722
2262, 0, 2152, 11420, 15834
48313, 0, 2278, 63664, 114255
36410, 0, 2434, 72197, 111041
35708, 0, 2574, 21341, 59623
2121, 0, 2044, 11637, 15802
2278, 0, 2074, 11560, 15912
2231, 0, 2308, 11092, 15631
2246, 0, 2184, 11653, 16083
2168, 0, 2340, 11653, 16161
2356, 0, 2184, 11482, 16022
40124, 0, 2558, 17659, 60341
4290, 0, 2137, 34991, 41418
1997, 0, 2246, 11497, 15740
42245, 0, 2699, 18549, 63493
109, 0, 2044, 1981, 4134
44397, 0, 2637, 18657, 65691
2090, 0, 2075, 12074, 16239
2106, 0, 2231, 12012, 16349
2153, 0, 2153, 11731, 16037
26895, 0, 2433, 90933, 120261
2325, 0, 2199, 11466, 15990
63663, 0, 2450, 115034, 181147
2091, 0, 2059, 42619, 46769
71042, 0, 2371, 128061, 201474
2418, 0, 2106, 11295, 15819
1606, 0, 2262, 55318, 59186
48111, 0, 2667, 19298, 70076
2278, 0, 2246, 12059, 16583
2231, 0, 2122, 12121, 16474
2325, 0, 2215, 11357, 15897
2216, 0, 2152, 11638, 16006
2215, 0, 2168, 11856, 16239
63024, 0, 2683, 21169, 86876
53211, 0, 2574, 39968, 95753
2262, 0, 1981, 11388, 15631
56503, 0, 2684, 45505, 104692
2168, 0, 2340, 11357, 15865
69358, 0, 2589, 32448, 104395
2372, 0, 2121, 11731, 16224
2075, 0, 2059, 12153, 16287
83741, 0, 2995, 24710, 111446
67080, 0, 2964, 52884, 122928
88998, 0, 2605, 27409, 119012
60247, 0, 2543, 64522, 127312
72041, 0, 2559, 45053, 119653
2355, 0, 2106, 21076, 25537
3136, 0, 2199, 31372, 36707
2122, 0, 2371, 11638, 16131
2309, 0, 2153, 11653, 16115
2340, 0, 2246, 11248, 15834
2324, 0, 2324, 11388, 16036
2402, 0, 2216, 11544, 16162
2247, 0, 2355, 11061, 15663
8502, 0, 2231, 39546, 50279
18018, 0, 2403, 35895, 56316
2230, 0, 2231, 11357, 15818
2200, 0, 2075, 11778, 16053
33712, 0, 2574, 21871, 58157
2106, 0, 2137, 12012, 16255
69857, 0, 2574, 77968, 150399
40841, 0, 2433, 19063, 62337
2184, 0, 2418, 11685, 16287
43867, 0, 2683, 19672, 66222
2714, 0, 2262, 11591, 16567
2730, 0, 2200, 11591, 16521
3338, 0, 2481, 37752, 43571
47034, 0, 2746, 19968, 69748
7098, 0, 2106, 41809, 51013
3011, 0, 2262, 12106, 17379
2278, 0, 2122, 48235, 52635
15756, 0, 2371, 159261, 177388
108811, 0, 2730, 115424, 226965
90683, 0, 2745, 145315, 238743
64257, 749, 2652, 25053, 92711
3947, 296, 2200, 78842, 85285
94, 0, 1996, 2153, 4243
72992, 468, 2683, 25584, 101727
50591, 889, 2652, 40997, 95129
78905, 359, 2870, 34788, 116922
74833, 749, 2855, 34694, 113131
2886, 0, 2262, 11981, 17129
3058, 0, 2512, 11840, 17410
80824, 234, 2714, 40124, 123896
2933, 0, 2371, 11419, 16723
3042, 0, 2481, 11388, 16911
2824, 0, 2324, 11544, 16692
3198, 0, 2246, 11201, 16645
3354, 0, 2090, 11622, 17066
60512, 811, 2652, 52588, 116563
2637, 0, 2106, 11434, 16177
2121, 0, 2169, 59280, 63570
61713, 718, 2558, 55864, 120853
67314, 452, 2855, 45521, 116142
3525, 0, 2153, 11872, 17550
3323, 0, 2247, 11559, 17129
3058, 0, 2387, 11403, 16848
74818, 670, 2840, 49514, 127842
4368, 437, 2309, 40934, 48048
14867, 795, 2262, 42854, 60778
70840, 608, 2808, 69311, 143567
85925, 874, 2667, 65364, 154830
5148, 515, 2122, 54241, 62026
28501, 531, 2589, 33837, 65458
32277, 561, 2403, 26114, 61355
13119, 718, 2122, 39218, 55177
3307, 0, 2355, 11981, 17643
3541, 0, 2168, 11825, 17534
3307, 0, 2387, 11528, 17222
83336, 686, 2746, 56737, 143505
3073, 0, 2138, 11653, 16864
3261, 0, 2012, 11591, 16864
2948, 0, 2340, 11529, 16817
32199, 748, 2793, 27347, 63087
69123, 406, 2527, 142194, 214250
29577, 671, 2730, 35365, 68343
29359, 702, 2683, 38579, 71323
39749, 842, 2730, 41762, 85083
50310, 624, 2746, 27721, 81401
47252, 718, 2652, 36520, 87142
3026, 0, 2496, 46535, 52057
18595, 297, 2262, 36270, 57424
2901, 0, 2262, 11778, 16941
56862, 936, 2855, 57517, 118170
2137, 0, 2294, 59046, 63477
58250, 936, 2918, 58578, 120682
203, 0, 2153, 2043, 4399
63024, 734, 2620, 68438, 134816
3042, 0, 2153, 12963, 18158
2979, 0, 2216, 13057, 18252
62182, 796, 2605, 70933, 136516
2902, 0, 2168, 12730, 17800
67735, 858, 2761, 76768, 148122
72353, 796, 2839, 74662, 150650
3136, 0, 2480, 12761, 18377
3213, 0, 2215, 13026, 18454
3245, 0, 2277, 12995, 18517
71214, 764, 2808, 60404, 135190
3120, 0, 2309, 12589, 18018
2980, 0, 2386, 12418, 17784
26505, 624, 2433, 104599, 134161
67564, 764, 2980, 72010, 143318
73148, 983, 2886, 98436, 175453
3135, 624, 2247, 44975, 50981
80574, 1045, 2855, 115097, 199571
80637, 717, 2902, 102227, 186483
86315, 967, 2871, 107109, 197262
26037, 858, 2137, 43602, 72634
19110, 765, 2605, 63149, 85629
38703, 718, 2730, 34850, 77001
27378, 983, 2636, 57034, 88031
44835, 764, 2964, 35709, 84272
46878, 780, 2964, 36052, 86674
40513, 671, 2793, 43056, 87033
41777, 889, 2964, 33868, 79498
39171, 968, 2808, 48516, 91463
113583, 1139, 2871, 127109, 244702
24477, 702, 2667, 47128, 74974
2933, 0, 2558, 12480, 17971
103351, 936, 2839, 144129, 251255
2855, 0, 2402, 12184, 17441
3011, 0, 2153, 12417, 17581
2933, 0, 2340, 12932, 18205
2933, 0, 2293, 12433, 17659
3058, 0, 2137, 12589, 17784
3026, 0, 2013, 12870, 17909
93, 0, 2075, 1747, 3915
27035, 936, 2433, 39328, 69732
3089, 0, 2246, 12246, 17581
2980, 0, 2340, 12667, 17987
3073, 0, 2153, 12199, 17425
22370, 858, 2169, 51106, 76503
2917, 0, 2138, 13104, 18159
2933, 0, 2324, 12902, 18159
3011, 0, 2402, 48423, 53836
3042, 764, 2246, 12777, 18829
48329, 734, 2683, 40716, 92462
45319, 1029, 2855, 47627, 96830
2948, 0, 2246, 12371, 17565
2216, 0, 2215, 59202, 63633
50325, 780, 2621, 47471, 101197
2668, 0, 2246, 45100, 50014
58266, 858, 2605, 56473, 118202
61106, 1014, 2745, 62447, 127312
74553, 873, 2824, 67532, 145782
62868, 858, 2746, 66768, 133240
49359, 889, 2636, 38033, 90917
62447, 780, 2730, 72634, 138591
62197, 889, 2543, 121400, 187029
82228, 827, 2823, 114926, 200804
73304, 811, 2855, 81869, 158839
54678, 936, 2762, 62540, 120916
92618, 1061, 2730, 121165, 217574
71839, 858, 2823, 94864, 170384
42448, 1092, 2745, 41341, 87626
29625, 826, 2606, 41371, 74428
36504, 1154, 2527, 35569, 75754
31543, 905, 2761, 41262, 76471
47767, 1201, 2964, 45630, 97562
23681, 967, 2543, 48454, 75645
82150, 889, 3042, 115347, 201428
83585, 1123, 2886, 117703, 205297
37440, 562, 2761, 35693, 76456
3573, 608, 2324, 12512, 19017
17441, 811, 2480, 49796, 70528
3229, 577, 2215, 12433, 18454
3058, 0, 2184, 12433, 17675
3088, 0, 2200, 12496, 17784
47861, 1186, 2964, 36348, 88359
45490, 780, 3447, 38049, 87766
2855, 0, 2184, 12901, 17940
116283, 1201, 2964, 178370, 298818
128996, 1248, 2668, 165766, 298678
203, 0, 2090, 2122, 4415
2699, 0, 2371, 12324, 17394
3104, 0, 2122, 12495, 17721
3120, 0, 2122, 12542, 17784
3167, 639, 2637, 58874, 65317
2980, 0, 2293, 13026, 18299
48687, 1280, 2745, 40732, 93444
2746, 0, 2215, 12527, 17488
51636, 1311, 2855, 43695, 99497
45287, 1123, 2964, 58064, 107438
55973, 1030, 2683, 48391, 108077
2980, 0, 2371, 12433, 17784
11809, 593, 2309, 84677, 99388
37268, 1170, 2793, 78187, 119418
31168, 1186, 2636, 78859, 113849
2246, 0, 2246, 60685, 65177
2839, 0, 2262, 53524, 58625
63539, 1076, 2886, 61043, 128544
79731, 952, 3104, 66363, 150150
25912, 874, 2402, 125081, 154269
75816, 967, 2918, 69981, 149682
76799, 749, 2777, 87625, 167950
60092, 1154, 2824, 58765, 122835
64584, 1186, 2792, 59983, 128545
68406, 905, 2917, 88031, 160259
44070, 811, 2808, 44133, 91822
64506, 1045, 2684, 61807, 130042
68281, 1139, 3073, 61012, 133505
12839, 655, 2325, 30232, 46051
85879, 936, 2886, 110167, 199868
90823, 1014, 2714, 135502, 230053
29828, 1263, 2839, 41029, 74959
33181, 999, 2823, 43821, 80824
52931, 1263, 2995, 43821, 101010
34898, 811, 2605, 39484, 77798
37752, 702, 2839, 38486, 79779
45037, 874, 2995, 35662, 84568
55255, 812, 2808, 62774, 121649
26036, 905, 2371, 48470, 77782
47690, 1294, 2918, 42759, 94661
57876, 951, 2855, 58828, 120510
3136, 0, 2308, 12714, 18158
2839, 0, 2356, 12807, 18002
112617, 1076, 3307, 150899, 267899
2840, 0, 2308, 12480, 17628
120011, 1482, 2917, 173863, 298273
3105, 0, 2277, 12480, 17862
143785, 1170, 2762, 160071, 307788
109, 0, 2028, 2262, 4399
2964, 0, 2199, 12636, 17799
2886, 0, 2184, 12994, 18064
2855, 0, 2402, 12387, 17644
67064, 1654, 2621, 59686, 131025
2886, 0, 2387, 13041, 18314
53430, 1107, 2949, 51823, 109309
62946, 1076, 2730, 58969, 125721
58625, 1248, 2761, 60294, 122928
2293, 0, 2153, 60263, 64709
71635, 1123, 2996, 70621, 146375
76752, 1092, 2917, 69561, 150322
70621, 998, 2559, 78078, 152256
2730, 0, 2122, 49000, 53852
19016, 1170, 2137, 128061, 150384
81011, 905, 2886, 70824, 155626
71854, 983, 2558, 88608, 164003
3135, 203, 2293, 12387, 18018
2871, 0, 2465, 12370, 17706
3073, 0, 2184, 12870, 18127
64615, 1014, 2855, 74771, 143255
65708, 1045, 2964, 78780, 148497
70887, 920, 2715, 82087, 156609
78749, 967, 2824, 95004, 177544
17082, 671, 2372, 51214, 71339
43150, 702, 2683, 30358, 76893
20561, 796, 2527, 50045, 73929
21746, 796, 2433, 49109, 74084
47564, 811, 2762, 43602, 94739
86767, 905, 2715, 102882, 193269
27736, 656, 2230, 162366, 192988
106329, 1248, 2574, 128357, 238508
64319, 889, 2964, 61464, 129636
66113, 951, 2949, 75083, 145096
101540, 1108, 2792, 151742, 257182
115082, 1357, 2964, 133489, 252892
97890, 1092, 2886, 134472, 236340
93709, 1202, 2870, 147155, 244936
56987, 1295, 3182, 54429, 115893
58406, 609, 2917, 78281, 140213
135736, 1450, 3074, 166265, 306525
68000, 1139, 2886, 68203, 140228
2870, 749, 2324, 13416, 19359
3057, 0, 2512, 12870, 18439
132522, 1139, 2808, 168902, 305371
27378, 639, 2449, 49140, 79606
27737, 811, 2527, 50123, 81198
3011, 0, 2184, 12854, 18049
2980, 0, 2371, 12839, 18190
3120, 0, 2372, 12558, 18050
218, 0, 1997, 2028, 4243
2949, 0, 2496, 13135, 18580
80387, 999, 3057, 77501, 161944
45771, 1076, 2855, 37877, 87579
3105, 0, 2402, 12371, 17878
49624, 1076, 2746, 42385, 95831
3151, 0, 2278, 12386, 17815
2278, 0, 2184, 60356, 64818
2745, 0, 2372, 51854, 56971
80901, 1061, 2793, 77064, 161819
85020, 1155, 2839, 71120, 160134
3042, 0, 2386, 12949, 18377
100636, 1560, 2652, 94723, 199571
98951, 1139, 2948, 94739, 197777
93834, 1092, 2995, 92477, 190398
2932, 0, 2278, 12730, 17940
60029, 1357, 2823, 59203, 123412
76549, 1217, 2917, 76986, 157669
67860, 1045, 2745, 72431, 144081
101650, 1108, 2808, 98093, 203659
73367, 920, 2808, 79389, 156484
59889, 780, 2496, 138980, 202145
87766, 1154, 2808, 107765, 199493
28673, 905, 2511, 45225, 77314
3729, 873, 2293, 143599, 150494
99591, 1154, 2792, 125019, 228556
75488, 1077, 2870, 87984, 167419
14539, 827, 2262, 54975, 72603
15865, 624, 2449, 51683, 70621
91837, 1123, 2886, 143380, 239226
30124, 764, 2590, 51605, 85083
79280, 1029, 2606, 137919, 220834
52900, 795, 2964, 65099, 121758
87189, 905, 2745, 78515, 169354
86892, 1014, 2933, 91213, 182052
71121, 1045, 2777, 79263, 154206
50139, 1029, 2808, 43291, 97267
39624, 904, 2762, 36005, 79295
44881, 1248, 2761, 39234, 88124
59514, 1201, 2964, 53399, 117078
69233, 1061, 2839, 65177, 138310
3042, 0, 2262, 12698, 18002
3042, 562, 2496, 13119, 19219
16489, 702, 2324, 53524, 73039
73383, 1201, 2964, 80044, 157592
3058, 0, 2387, 13088, 18533
2901, 0, 2387, 13198, 18486
3058, 0, 2355, 13182, 18595
2793, 0, 2480, 13089, 18362
111041, 1201, 2762, 146889, 261893
78983, 1170, 2746, 87937, 170836
3058, 0, 2231, 13494, 18783
116111, 1061, 2808, 161616, 281596
2980, 0, 2418, 12449, 17847
94973, 1170, 2964, 81448, 180555
97235, 1186, 2823, 91728, 192972
3042, 0, 2230, 13089, 18361
3058, 0, 2215, 12636, 17909
2886, 0, 2309, 13041, 18236
2870, 0, 2293, 51871, 57034
95987, 1155, 2917, 85550, 185609
11685, 889, 2262, 132522, 147358
55957, 952, 2574, 169821, 229304
34196, 920, 2449, 170290, 207855
105956, 1201, 2917, 124410, 234484
219, 0, 2168, 1950, 4337
43508, 858, 2543, 166687, 213596
2933, 0, 2402, 13042, 18377
91479, 952, 2792, 112757, 207980
76456, 1123, 3027, 98545, 179151
125502, 1201, 2730, 155689, 285122
2246, 0, 2200, 60575, 65021
80309, 1108, 2667, 109934, 194018
105628, 1139, 2792, 117141, 226700
74989, 1045, 2715, 123848, 202597
82197, 1139, 2776, 129746, 215858
14726, 921, 2043, 48017, 65707
87969, 1138, 2715, 164455, 256277
23790, 764, 2356, 48563, 75473
42916, 608, 2824, 34117, 80465
49187, 936, 2855, 42213, 95191
96985, 1201, 2855, 143879, 244920
3370, 0, 2215, 13572, 19157
57829, 1076, 2777, 59015, 120697
18361, 765, 2324, 65224, 86674
3011, 0, 2355, 13307, 18673
87875, 1170, 2730, 113491, 205266
43508, 967, 2746, 52400, 99621
3073, 0, 2278, 12386, 17737
114910, 1232, 2699, 140151, 258992
3104, 0, 2340, 12745, 18189
69842, 826, 2902, 65333, 138903
31153, 687, 2761, 47065, 81666
20468, 1029, 2418, 56394, 80309
73117, 1029, 2684, 93693, 170523
56425, 811, 2746, 70215, 130197
3104, 0, 2387, 12605, 18096
3089, 0, 2481, 12854, 18424
112944, 1201, 2793, 126656, 243594
3152, 0, 2199, 12714, 18065
3198, 0, 2278, 13072, 18548
2948, 94, 2324, 13198, 18564
73180, 1217, 2745, 83647, 160789
3167, 0, 2121, 13198, 18486
3042, 0, 3026, 12652, 18720
71261, 718, 3011, 75800, 150790
3151, 0, 2886, 12511, 18548
91027, 982, 2964, 88655, 183628
104271, 1092, 3073, 95706, 204142
3057, 0, 2450, 12698, 18205
3198, 0, 2434, 50076, 55708
40779, 873, 2590, 171366, 215608
114613, 1217, 2855, 110152, 228837
2901, 0, 2262, 13619, 18782
187, 0, 2075, 2246, 4508
22449, 343, 2309, 188557, 213658
114286, 1232, 2730, 131025, 249273
71417, 2309, 2839, 105487, 182052
85597, 1685, 2761, 114832, 204875
108280, 1107, 2761, 150041, 262189
102290, 1138, 2699, 114364, 220491
71074, 1077, 2901, 100792, 175844
107110, 2449, 2777, 137093, 249429
94614, 1139, 2668, 148840, 247261
88094, 1185, 3058, 124831, 217168
99216, 1045, 2714, 142039, 245014
2075, 0, 2480, 60279, 64834
103662, 1217, 2792, 148435, 256106
93413, 936, 2964, 173144, 270457
110775, 2356, 2870, 170540, 286541
31419, 764, 2730, 41949, 76862
24851, 749, 2652, 49186, 77438
27362, 734, 2449, 48812, 79357
51043, 921, 2683, 40544, 95191
3042, 0, 2434, 12464, 17940
3152, 218, 2231, 12995, 18596
2854, 0, 2481, 13104, 18439
3120, 0, 2465, 13759, 19344
15038, 702, 2294, 52868, 70902
38891, 858, 2620, 40404, 82773
56535, 982, 2699, 46691, 106907
55738, 1014, 3027, 50887, 110666
3089, 0, 2293, 12714, 18096
3105, 0, 2293, 12730, 18128
63851, 999, 3088, 61543, 129481
32339, 1061, 2558, 59047, 95005
2886, 0, 2340, 12620, 17846
2855, 0, 2340, 12449, 17644
75302, 982, 2933, 74724, 153941
53165, 983, 2745, 48813, 105706
66846, 936, 2761, 65521, 136064
3042, 0, 2169, 12870, 18081
83570, 982, 2808, 82150, 169510
64397, 1591, 2855, 82945, 151788
70044, 999, 2823, 87751, 161617
2886, 0, 2324, 47767, 52977
76440, 1061, 2839, 93023, 173363
97141, 1092, 2980, 120791, 222004
75083, 967, 2871, 96751, 175672
70559, 1045, 2762, 76377, 150743
77611, 951, 2652, 73679, 154893
125783, 1108, 3057, 128217, 258165
80480, 983, 2621, 116735, 200819
187, 0, 2028, 2153, 4368
80402, 921, 2964, 111680, 195967
91229, 904, 2996, 92835, 187964
86425, 842, 3011, 79404, 169682
3105, 0, 2137, 13104, 18346
90745, 952, 2964, 94661, 189322
116501, 1123, 2933, 150743, 271300
49499, 1045, 2715, 130697, 183956
12668, 826, 2247, 23166, 38907
95067, 1139, 2652, 223813, 322671
114380, 1170, 3010, 159823, 278383
203, 0, 2200, 1887, 4290
114691, 1170, 3151, 165719, 284731
28454, 687, 2652, 48999, 80792
54647, 1216, 2871, 45053, 103787
15116, 780, 2340, 139823, 158059
49406, 1060, 2996, 40856, 94318
64318, 1155, 2917, 58531, 126921
31917, 687, 2761, 47471, 82836
18861, 421, 2355, 169978, 191615
35006, 999, 2605, 62150, 100760
83320, 1076, 2964, 78047, 165407
106782, 1014, 2730, 104551, 215077
79732, 1045, 2605, 82556, 165938
97875, 1029, 2730, 113147, 214781
82898, 1030, 2636, 144269, 230833
33306, 1232, 2512, 46800, 83850
52292, 1092, 2964, 47736, 104084
16286, 749, 2371, 45895, 65301
99013, 1030, 2823, 87953, 190819
38188, 609, 2496, 197091, 238384
85722, 999, 2901, 86315, 175937
96845, 983, 2823, 87860, 188511
91837, 1233, 2839, 103849, 199758
60388, 936, 2824, 72742, 136890
111291, 1232, 2917, 107984, 223424
71995, 1076, 2902, 71791, 147764
90215, 1107, 2761, 115955, 210038
63211, 1077, 3042, 78281, 145611
3011, 749, 2434, 13010, 19204
77875, 999, 2948, 80605, 162427
79794, 1045, 3089, 95784, 179712
53945, 873, 2855, 71714, 129387
83476, 920, 2746, 117406, 204548
2761, 0, 2403, 12605, 17769
100168, 1107, 3089, 114926, 219290
2964, 0, 2293, 13010, 18267
69998, 1014, 2901, 90028, 163941
79186, 904, 2871, 77126, 160087
139558, 1139, 2839, 159541, 303077
87765, 1217, 2902, 108670, 200554
17425, 733, 2449, 174440, 195047
2824, 0, 2418, 12745, 17987
3104, 453, 2293, 12886, 18736
88826, 1264, 2870, 128295, 221255
88047, 983, 2854, 84927, 176811
42214, 951, 2449, 175407, 221021
92383, 1077, 2917, 110230, 206607
101806, 998, 2933, 122351, 228088
3104, 0, 2294, 12885, 18283
94645, 1201, 2933, 98639, 197418
129481, 1326, 2964, 188729, 322500
133193, 1326, 2933, 168293, 305745
3011, 0, 2371, 43883, 49265
92415, 1216, 2715, 199883, 296229
115424, 1357, 2949, 180211, 299941
96455, 1170, 2823, 88749, 189197
100963, 1342, 2839, 124145, 229289
98795, 1311, 2745, 99154, 202005
78827, 1185, 2824, 100168, 183004
76674, 843, 3057, 91042, 171616
2901, 0, 2309, 12464, 17674
64927, 811, 2933, 68578, 137249
67283, 858, 2871, 78686, 149698
101977, 1248, 2933, 135205, 241363
84490, 1138, 3027, 93896, 182551
68141, 858, 3011, 69514, 141524
83476, 983, 2683, 91010, 178152
104053, 1060, 2918, 126672, 234703
80527, 998, 2996, 109013, 193534
67190, 920, 2824, 76159, 147093
100090, 1154, 2902, 149417, 253563
2870, 0, 2387, 13041, 18298
3292, 202, 2403, 83039, 88936
59218, 1045, 2948, 75317, 138528
67455, 1061, 2761, 88312, 159589
12668, 468, 2308, 23229, 38673
46161, 920, 2839, 47346, 97266
187, 0, 2215, 1919, 4321
29999, 951, 2512, 59015, 92477
23977, 702, 2590, 55598, 82867
16286, 718, 2496, 52385, 71885
13026, 624, 2434, 32479, 48563
74210, 1107, 2652, 140401, 218370
38953, 951, 2746, 47237, 89887
20498, 874, 2433, 129605, 153410
51995, 951, 2886, 43197, 99029
18704, 640, 2449, 164627, 186420
55988, 733, 2855, 47237, 106813
43805, 905, 2464, 154768, 201942
2496, 546, 2262, 125190, 130494
102602, 1123, 2761, 90668, 197154
96845, 982, 2902, 91104, 191833
3088, 0, 2606, 12246, 17940
13073, 873, 2231, 22979, 39156
101852, 1077, 2870, 110901, 216700
66191, 1107, 2949, 71682, 141929
64054, 920, 2996, 62727, 130697
29890, 967, 2621, 44756, 78234
48063, 905, 2948, 41091, 93007
18111, 780, 2418, 57814, 79123
53758, 967, 3026, 46754, 104505
2886, 0, 2387, 12527, 17800
17503, 749, 2543, 47705, 68500
30326, 827, 2761, 46738, 80652
91728, 983, 2808, 101774, 197293
89513, 1310, 2808, 93163, 186794
77767, 1263, 2917, 103413, 185360
43758, 889, 2886, 48860, 96393
99840, 1092, 2652, 110324, 213908
2949, 0, 2043, 46894, 51886
48610, 1045, 2824, 67376, 119855
55849, 858, 3057, 69748, 129512
3198, 515, 2387, 12729, 18829
65645, 1045, 2668, 80262, 149620
76066, 920, 2948, 77533, 157467
94, 0, 2324, 1888, 4306
74755, 1310, 2855, 92836, 171756
3105, 0, 2262, 12464, 17831
2169, 0, 2558, 62104, 66831
102211, 1092, 2808, 92774, 198885
98748, 1623, 2870, 89762, 193003
22277, 811, 2465, 191677, 217230
93834, 1045, 2715, 88218, 185812
90043, 1279, 2855, 83679, 177856
94021, 936, 3152, 83101, 181210
109200, 1763, 2761, 118311, 232035
58828, 1076, 2465, 180664, 243033
116439, 1638, 2621, 132444, 253142
85847, 1201, 2652, 91791, 181491
29609, 826, 2418, 198324, 231177
51698, 874, 2574, 210288, 265434
97329, 1201, 2590, 113428, 214548
91619, 1154, 3510, 100153, 196436
114364, 1154, 2933, 172567, 291018
5195, 889, 2356, 144550, 152990
98342, 967, 2917, 86986, 189212
97905, 1295, 2886, 100620, 202706
94848, 1107, 2793, 108326, 207074
98857, 874, 2901, 94193, 196825
107875, 1123, 2808, 101868, 213674
2949, 0, 2449, 12620, 18018
105784, 1263, 2652, 117718, 227417
116314, 1170, 2652, 157326, 277462
84240, 1014, 2995, 103741, 191990
110012, 1232, 2621, 103350, 217215
2855, 0, 2387, 46581, 51823
65972, 1139, 2777, 151788, 221676
12979, 422, 2215, 32682, 48298
14274, 827, 2215, 37315, 54631
117577, 1123, 2886, 154409, 275995
55271, 826, 2840, 44257, 103194
59265, 967, 2871, 53632, 116735
119870, 1420, 2714, 148169, 272173
75863, 1014, 2667, 94989, 174533
61714, 905, 2808, 66518, 131945
12698, 936, 2418, 23010, 39062
142178, 1170, 2715, 157201, 303264
73944, 936, 3042, 78452, 156374
99404, 1560, 2808, 141897, 245669
50606, 749, 2777, 44304, 98436
92321, 1014, 2636, 118919, 214890
43836, 640, 2792, 44210, 91478
3245, 796, 2480, 27285, 33806
112804, 1248, 2668, 126921, 243641
125, 0, 2090, 2481, 4696
117125, 1202, 2917, 124051, 245295
27394, 1076, 2683, 80902, 112055
124504, 1061, 2699, 164049, 292313
69967, 1279, 2699, 101275, 175220
2387, 0, 2309, 63102, 67798
66831, 1014, 3042, 105659, 176546
142506, 1279, 2793, 154050, 300628
3104, 0, 2231, 12777, 18112
70918, 1216, 2808, 82821, 157763
71324, 951, 3027, 84224, 159526
115003, 1186, 2839, 132413, 251441
81635, 1186, 2605, 85550, 170976
67485, 1108, 2683, 100152, 171428
77392, 1014, 3089, 159260, 240755
95753, 1279, 2715, 95472, 195219
96517, 1139, 2777, 117686, 218119
71963, 905, 2917, 71339, 147124
2964, 0, 2293, 13042, 18299
106642, 1170, 3058, 118341, 229211
104209, 1216, 2777, 113631, 221833
3026, 0, 2434, 53430, 58890
105191, 1107, 3011, 101291, 210600
94552, 1123, 2823, 127952, 226450
96408, 905, 2870, 144784, 244967
111056, 1092, 2762, 139355, 254265
78375, 1263, 2777, 139059, 221474
79810, 1170, 2886, 141320, 225186
94521, 1326, 2948, 159386, 258181
88265, 1077, 2901, 156500, 248743
122226, 1107, 2590, 179104, 305027
108717, 1139, 2870, 148029, 260755
32963, 936, 2402, 183129, 219430
112788, 843, 3073, 118825, 235529
91525, 780, 2886, 99622, 194813
85520, 780, 2777, 80823, 169900
65848, 967, 2839, 64023, 133677
13884, 499, 2543, 29047, 45973
100729, 1045, 2824, 112975, 217573
46160, 1045, 2996, 44257, 94458
95379, 1045, 2823, 85972, 185219
58640, 952, 2995, 63102, 125689
85722, 1046, 2917, 106829, 196514
61963, 1030, 2621, 56893, 122507
71620, 1014, 2964, 77829, 153427
51355, 733, 3073, 41980, 97141
12527, 811, 2262, 23743, 39343
36660, 873, 2684, 49717, 89934
92711, 982, 2746, 101416, 197855
3073, 0, 2481, 13026, 18580
3291, 749, 2340, 13151, 19531
187, 0, 2293, 2059, 4539
120619, 1311, 2776, 141664, 266370
31575, 983, 2745, 84506, 119809
61043, 1014, 2839, 60029, 124925
115768, 1279, 2730, 141524, 261301
58095, 1138, 3027, 72181, 134441
66815, 1014, 3042, 72758, 143629
68125, 1139, 2605, 71245, 143114
107235, 1092, 3057, 134270, 245654
26442, 1092, 2465, 160664, 190663
84911, 1108, 2964, 94380, 183363
76190, 983, 2886, 98686, 178745
91323, 1123, 2761, 106580, 201787
86814, 873, 2793, 80168, 170648
105831, 1326, 2808, 116937, 226902
13899, 344, 2511, 199119, 215873
3042, 0, 2528, 12558, 18128
88951, 1030, 2902, 110198, 203081
92134, 1170, 2901, 87002, 183207
2886, 0, 2402, 49593, 54881
95675, 982, 2824, 93070, 192551
84864, 1311, 2652, 91416, 180243
143988, 1326, 2824, 193690, 341828
85925, 827, 2824, 100417, 189993
59046, 1076, 2559, 177949, 240630
106938, 1045, 2855, 147763, 258601
99341, 967, 3167, 136047, 239522
89107, 1295, 2839, 94770, 188011
76207, 858, 2917, 90043, 170025
75832, 1060, 2886, 86331, 166109
125815, 1419, 2902, 174002, 304138
109653, 1716, 2808, 149823, 264000
84381, 889, 3011, 106236, 194517
50139, 983, 2855, 44304, 98281
41028, 1342, 2870, 46332, 91572
54179, 811, 2527, 53353, 110870
12917, 1170, 2481, 50076, 66644
105113, 1123, 2949, 161975, 271160
92087, 1201, 2886, 123241, 219415
108311, 1202, 2901, 95847, 208261
17784, 843, 2278, 52774, 73679
78577, 858, 2886, 86518, 168839
72977, 920, 2902, 106080, 182879
68796, 842, 2699, 76877, 149214
112507, 1217, 2637, 165765, 282126
169120, 1217, 2761, 211271, 384369
79295, 1108, 2901, 92945, 176249
97250, 1108, 2808, 135783, 236949
142709, 1295, 3011, 166811, 313826
138185, 1279, 2855, 156765, 299084
110, 0, 2106, 2043, 4259
74724, 1092, 2652, 123256, 201724
87407, 1108, 2823, 110136, 201474
84630, 1139, 2792, 124114, 212675
88624, 1201, 2839, 136329, 228993
44959, 1076, 2621, 73570, 122226
110370, 1217, 3182, 133614, 248383
2262, 0, 2200, 61713, 66175
13791, 671, 2355, 164580, 181397
70918, 1232, 2762, 82789, 157701
74506, 1092, 2776, 118639, 197013
81323, 982, 3027, 104520, 189852
53353, 1154, 2278, 125268, 182053
85862, 1061, 3136, 115003, 205062
104146, 1154, 2792, 99700, 207792
5694, 702, 2137, 162787, 171320
103319, 1310, 2637, 138871, 246137
99762, 1295, 2777, 134534, 238368
114130, 1201, 2683, 123911, 241925
91276, 1170, 2746, 139136, 234328
98639, 952, 2979, 93133, 195703
91151, 1170, 2793, 94739, 189853
141430, 1498, 2933, 165344, 311205
115221, 1420, 2746, 177481, 296868
106689, 1029, 2855, 137530, 248103
42868, 780, 2543, 136735, 182926
118638, 1295, 2839, 152272, 275044
18767, 858, 2371, 161367, 183363
13338, 889, 2247, 31106, 47580
107609, 1092, 2808, 143131, 254640
66020, 936, 2901, 64553, 134410
57814, 796, 3089, 67891, 129590
107905, 1404, 2590, 91306, 203205
79295, 1014, 2980, 114566, 197855
78390, 843, 2808, 80543, 162584
70060, 951, 2824, 81604, 155439
22027, 905, 2402, 57393, 82727
134020, 998, 2871, 182115, 320004
83101, 1123, 2886, 112679, 199789
95066, 1264, 2901, 131181, 230412
109590, 1107, 3089, 99762, 213548
109169, 1092, 2932, 159807, 273000
42729, 780, 2823, 47970, 94302
13884, 780, 2246, 47331, 64241
203, 0, 2075, 2137, 4415
112789, 1107, 2886, 162630, 279412
74474, 624, 3198, 112367, 190663
111712, 1232, 2995, 103584, 219523
55692, 921, 2979, 64600, 124192
33353, 1092, 2698, 80980, 118123
2246, 0, 2294, 59389, 63929
75550, 1139, 2793, 93303, 172785
72524, 1061, 2839, 72275, 148699
82758, 1014, 2886, 127327, 213985
110823, 1388, 2964, 110339, 225514
83241, 1092, 2902, 108046, 195281
98421, 1076, 2793, 118092, 220382
86549, 1123, 2886, 120947, 211505
111384, 1045, 3058, 87922, 203409
104239, 1108, 2667, 123053, 231067
108748, 1108, 2730, 102164, 214750
99528, 1326, 2730, 138232, 241816
105191, 1248, 2667, 183893, 292999
111026, 1170, 2979, 133053, 248228
78328, 889, 2823, 99076, 181116
153254, 1342, 2886, 160275, 317757
134348, 1029, 2840, 149666, 287883
97734, 1092, 2855, 112757, 214438
129074, 1170, 2730, 153036, 286010
108873, 1185, 2917, 86534, 199509
122960, 1107, 2777, 150041, 276885
84006, 1170, 2449, 159292, 246917
79950, 811, 3042, 84100, 167903
3042, 0, 2496, 13400, 18938
94661, 1092, 2824, 111041, 209618
76752, 827, 2823, 84927, 165329
2840, 0, 2308, 12746, 17894
73413, 1077, 2683, 66643, 143816
100714, 1138, 2840, 136640, 241332
121602, 1108, 2854, 132523, 258087
77579, 842, 2730, 72759, 153910
19718, 1014, 2309, 53711, 76752
44585, 1045, 2667, 52853, 101150
58407, 686, 2995, 59124, 121212
96518, 811, 2683, 97360, 197372
55115, 826, 2855, 71324, 130120
103522, 1108, 2854, 108389, 215873
59935, 811, 3167, 63539, 127452
116735, 936, 2949, 115721, 236341
11278, 796, 2340, 219789, 234203
68156, 1202, 2823, 114972, 187153
109294, 982, 2933, 116954, 230163
100496, 1139, 2574, 199930, 304139
89700, 1014, 2980, 122897, 216591
130853, 1623, 3182, 162677, 298335
3167, 0, 2309, 12730, 18206
3354, 0, 2340, 12729, 18423
36863, 1076, 2247, 74302, 114488
66799, 889, 2918, 92352, 162958
66722, 1388, 2886, 80995, 151991
110339, 967, 2777, 127655, 241738
93569, 1076, 2948, 134909, 232502
79592, 1139, 2932, 86955, 170618
67424, 1139, 2808, 89731, 161102
53852, 811, 2870, 71901, 129434
111681, 1232, 2574, 111883, 227370
117983, 1014, 2792, 175797, 297586
109372, 1185, 2917, 118217, 231691
148590, 1108, 2792, 168948, 321438
106268, 1061, 2932, 99544, 209805
79482, 531, 2995, 91978, 174986
3838, 218, 2246, 211116, 217418
87828, 1077, 2808, 90028, 181741
94770, 999, 2683, 103116, 201568
115206, 1295, 2605, 174331, 293437
86799, 951, 3042, 124676, 215468
105269, 905, 2933, 122523, 231630
96158, 1077, 2886, 124192, 224313
100823, 1123, 2979, 143739, 248664
93350, 858, 2964, 209758, 306930
89107, 1030, 2683, 107999, 200819
94, 0, 2153, 2152, 4399
147545, 1280, 2652, 157045, 308522
111213, 796, 2932, 124988, 239929
85301, 889, 2949, 116376, 205515
2434, 0, 2152, 61839, 66425
86003, 1139, 2933, 143910, 233985
21326, 686, 2434, 52119, 76565
55942, 717, 2995, 52791, 112445
56379, 873, 2839, 51855, 111946
90230, 858, 2652, 117032, 210772
98702, 904, 2730, 120152, 222488
98483, 1030, 2652, 143660, 245825
22012, 796, 2433, 163957, 189198
50903, 734, 2886, 64630, 119153
142772, 1217, 2667, 157966, 304622
107281, 889, 2902, 93148, 204220
146406, 1139, 2699, 165501, 315745
127889, 1248, 2824, 151367, 283328
58001, 1170, 2808, 71027, 133006
84755, 1170, 2543, 106439, 194907
81042, 1045, 3042, 104006, 189135
134457, 1279, 2980, 163581, 302297
125081, 889, 2902, 159417, 288289
93, 0, 1966, 2153, 4212
68485, 1216, 2824, 73258, 145783
27456, 905, 2496, 49062, 79919
80372, 1170, 3010, 103148, 187700
2059, 0, 2309, 60091, 64459
49920, 998, 2590, 71152, 124660
111009, 1108, 2870, 140229, 255216
94942, 1186, 3010, 127421, 226559
108483, 1092, 2854, 120776, 233205
56426, 1248, 2698, 76768, 137140
62603, 1107, 2683, 78718, 145111
3167, 0, 2278, 50934, 56379
105705, 1046, 2714, 82821, 192286
127374, 1435, 2793, 163457, 295059
71183, 811, 2668, 94676, 169338
132741, 1326, 2901, 207871, 344839
58110, 1076, 2590, 186404, 248180
86986, 1154, 2715, 123630, 214485
81728, 796, 2777, 93163, 178464
30810, 780, 2449, 165469, 199508
131665, 1092, 3057, 161429, 297243
92555, 1045, 2949, 118498, 215047
151257, 1280, 2979, 169105, 324621
48703, 967, 2527, 249866, 302063
152693, 1108, 2636, 222301, 378738
82915, 889, 3057, 111712, 198573
101198, 1232, 2948, 138029, 243407
119746, 1513, 2949, 159807, 284015
138404, 1310, 2964, 165548, 308226
162287, 1014, 2902, 173300, 339503
93694, 920, 2855, 137311, 234780
106439, 1030, 2901, 150540, 260910
96486, 827, 2776, 141945, 242034
77844, 1233, 3026, 77485, 159588
87641, 1202, 2964, 84770, 176577
22059, 670, 2496, 175984, 201209
35256, 562, 2745, 41122, 79685
71822, 999, 2839, 144222, 219882
90495, 1061, 2824, 105581, 199961
21871, 718, 2137, 66940, 91666
87204, 1264, 2777, 87500, 178745
47643, 998, 2715, 60528, 111884
132226, 1404, 3042, 171319, 307991
66066, 1280, 2823, 66566, 136735
70871, 998, 2699, 113069, 187637
84115, 843, 2979, 94927, 182864
83804, 1045, 2621, 111821, 199291
75816, 1185, 2777, 106080, 185858
57299, 999, 2870, 79435, 140603
49249, 562, 2917, 45521, 98249
110, 0, 1996, 2387, 4493
111696, 1030, 2855, 192707, 308288
98545, 1233, 2808, 109996, 212582
95706, 1451, 2777, 150603, 250537
169292, 1185, 2621, 165142, 338240
2356, 0, 2418, 62010, 66784
42214, 1060, 2730, 34929, 80933
2933, 0, 2340, 13307, 18580
45895, 609, 2979, 43743, 93226
115237, 1076, 2808, 151024, 270145
3151, 0, 2262, 43368, 48781
83398, 1014, 2761, 198635, 285808
125065, 1014, 2793, 186170, 315042
133411, 1311, 3042, 178713, 316477
76924, 1030, 2574, 209773, 290301
98124, 998, 2730, 130308, 232160
74272, 1139, 2605, 95348, 173364
77548, 733, 2746, 111010, 192037
90527, 1326, 2636, 125986, 220475
76596, 1201, 2871, 72899, 153567
82072, 905, 3026, 110714, 196717
3167, 203, 2496, 12932, 18798
3120, 202, 2184, 13136, 18642
81370, 1014, 2979, 109200, 194563
87688, 1123, 2746, 87875, 179432
119434, 1357, 2761, 132725, 256277
154939, 1046, 2917, 183394, 342296
3135, 484, 2605, 12636, 18860
135518, 1030, 2886, 170040, 309474
126548, 1435, 2683, 191506, 322172
124488, 1279, 3011, 163379, 292157
120931, 1170, 2948, 168871, 293920
3089, 202, 2434, 13166, 18891
141992, 858, 3073, 166796, 312719
132398, 920, 3026, 145892, 282236
3307, 967, 2247, 12792, 19313
31075, 858, 2543, 43337, 77813
45037, 1108, 2792, 42183, 91120
78499, 796, 2776, 74647, 156718
86190, 874, 2902, 79295, 169261
56909, 874, 2777, 67329, 127889
63398, 936, 2871, 73741, 140946
28735, 687, 2511, 163676, 195609
67814, 936, 2917, 89310, 160977
124317, 1076, 3027, 123770, 252190
3089, 421, 2481, 12776, 18767
74942, 936, 2886, 104224, 182988
102960, 998, 2980, 138606, 245544
71619, 1280, 2886, 85129, 160914
3136, 328, 2449, 12885, 18798
60419, 733, 2979, 61854, 125985
2886, 406, 2527, 12885, 18704
134644, 1263, 2824, 138076, 276807
3339, 0, 2371, 12293, 18003
3245, 359, 2480, 12886, 18970
3042, 0, 2418, 13307, 18767
57611, 998, 3120, 68828, 130557
3120, 0, 2480, 13229, 18829
108155, 1294, 2746, 130260, 242455
3167, 0, 2636, 13697, 19500
71526, 1545, 2839, 118747, 194657
3042, 0, 2387, 12948, 18377
58719, 967, 2979, 70325, 132990
105066, 1529, 2761, 138279, 247635
2949, 0, 2355, 12839, 18143
35537, 889, 2496, 86752, 125674
95566, 811, 2870, 167529, 266776
3011, 0, 2106, 12543, 17660
3526, 281, 2386, 102399, 108592
3386, 0, 2168, 47549, 53103
93, 0, 2122, 1919, 4134
129480, 1248, 3026, 163114, 296868
2793, 670, 2450, 43180, 49093
3057, 0, 2309, 12886, 18252
45677, 1029, 2543, 244343, 293592
2309, 0, 2371, 62088, 66768
37798, 968, 2433, 246434, 287633
14617, 717, 2309, 167014, 184657
42588, 920, 2871, 34117, 80496
21232, 858, 2371, 154113, 178574
3042, 0, 2402, 12574, 18018
4025, 218, 2699, 202878, 209820
32058, 546, 2683, 159713, 195000
35288, 936, 2480, 85083, 123787
2932, 0, 2356, 12839, 18127
79061, 952, 2449, 198323, 280785
63476, 1061, 2496, 207917, 274950
30155, 593, 2745, 42619, 76112
2995, 0, 2356, 12823, 18174
85067, 1030, 2917, 111790, 200804
139027, 843, 2730, 197340, 339940
57236, 858, 3152, 58328, 119574
5757, 483, 2481, 143848, 152569
89357, 1123, 2808, 225499, 318787
2917, 0, 2434, 13088, 18439
23104, 951, 2372, 138559, 164986
3213, 0, 2278, 12683, 18174
3229, 0, 2231, 12901, 18361
24383, 1061, 2121, 157108, 184673
146281, 1077, 2854, 278976, 429188
3151, 0, 2262, 13042, 18455
2808, 0, 2340, 13198, 18346
97313, 1138, 3027, 109512, 210990
3526, 0, 2309, 12839, 18674
3183, 0, 2355, 12667, 18205
143879, 1217, 2823, 227605, 375524
77173, 811, 2574, 269616, 350174
54788, 717, 2777, 56971, 115253
3089, 203, 2308, 12605, 18205
50373, 577, 2995, 94224, 148169
95909, 1077, 2901, 123584, 223471
3058, 0, 2386, 12153, 17597
3120, 0, 2028, 12652, 17800
2745, 0, 2278, 12418, 17441
47627, 718, 2808, 91260, 142413
3042, 0, 2231, 12760, 18033
134707, 1107, 2621, 279209, 417644
3074, 0, 2277, 12324, 17675
51137, 764, 2933, 55193, 110027
3058, 0, 2308, 12761, 18127
172, 0, 2122, 2121, 4415
3105, 0, 2433, 12824, 18362
3183, 0, 2184, 12948, 18315
3354, 0, 2215, 13073, 18642
2902, 0, 2324, 12636, 17862
2667, 0, 2184, 52182, 57033
110292, 1077, 2917, 116938, 231224
3027, 0, 2324, 12714, 18065
102180, 1123, 3011, 139495, 245809
2355, 0, 2403, 61448, 66206
3104, 0, 2387, 12870, 18361
17987, 749, 2168, 52510, 73414
41590, 577, 2730, 40389, 85286
50560, 1030, 2979, 86019, 140588
18549, 873, 2418, 229399, 251239
95161, 1076, 3042, 101244, 200523
50248, 998, 2325, 236777, 290348
2949, 0, 2402, 12792, 18143
94162, 983, 2745, 116704, 214594
106891, 1108, 2714, 104552, 215265
2949, 0, 2324, 12886, 18159
130635, 1014, 3011, 166686, 301346
94848, 890, 2761, 105472, 203971
90776, 1046, 2761, 296650, 391233
168153, 1310, 2636, 252144, 424243
146500, 1170, 2730, 194143, 344543
87079, 1170, 3042, 160728, 252019
155845, 1185, 2886, 184221, 344137
91713, 1045, 2356, 290691, 385805
3010, 110, 2324, 13042, 18486
3089, 0, 2464, 13151, 18704
58437, 874, 2933, 58859, 121103
3042, 0, 2294, 13072, 18408
2964, 0, 2512, 12870, 18346
54974, 936, 2746, 51932, 110588
54179, 967, 2777, 62338, 120261
43976, 734, 2901, 38938, 86549
2917, 0, 2231, 12652, 17800
3167, 0, 2543, 13244, 18954
182021, 1232, 3058, 208556, 394867
3213, 203, 2293, 12777, 18486
48422, 905, 2871, 69966, 122164
3042, 0, 2387, 52494, 57923
135268, 1388, 2746, 213845, 353247
79342, 1154, 2839, 126283, 209618
110667, 1232, 2855, 148996, 263750
3260, 0, 2200, 12964, 18424
3245, 0, 2402, 12558, 18205
3229, 297, 2386, 12605, 18517
2949, 0, 2246, 13042, 18237
94, 0, 2231, 1996, 4321
3026, 0, 2387, 12901, 18314
3089, 0, 2355, 12418, 17862
3089, 0, 2028, 12652, 17769
85535, 1029, 2808, 86175, 175547
20140, 889, 2387, 189836, 213252
2309, 0, 2465, 60450, 65224
3245, 702, 2247, 12636, 18830
3088, 0, 2262, 12636, 17986
86050, 858, 2839, 97500, 187247
100230, 889, 3011, 98982, 203112
98312, 936, 2636, 104146, 206030
2777, 0, 2262, 12683, 17722
2840, 0, 2324, 12605, 17769
99559, 905, 2636, 114770, 217870
103241, 858, 3011, 142834, 249944
104691, 999, 2777, 116469, 224936
97749, 1046, 2714, 127312, 228821
89794, 718, 3011, 87703, 181226
2745, 0, 2325, 12495, 17565
33508, 484, 2714, 44679, 81385
46223, 515, 2620, 35740, 85098
105175, 1030, 2932, 129309, 238446
55520, 1014, 2605, 48033, 107172
54663, 764, 3151, 46941, 105519
2871, 156, 2355, 12449, 17831
48406, 874, 2605, 57393, 109278
123536, 1092, 2933, 137967, 265528
46207, 749, 2839, 98093, 147888
50076, 764, 2949, 45957, 99746
3183, 0, 2184, 12885, 18252
3058, 0, 2434, 12370, 17862
3042, 0, 2247, 12979, 18268
91884, 1045, 2714, 125971, 221614
84147, 1076, 2855, 83304, 171382
3104, 234, 2371, 12465, 18174
157950, 905, 2917, 163956, 325728
2948, 0, 2324, 12902, 18174
58344, 718, 2933, 52697, 114692
45583, 936, 2309, 190039, 238867
2995, 0, 2356, 12963, 18314
2964, 0, 2449, 12824, 18237
3088, 0, 2387, 51605, 57080
101415, 1061, 2839, 108280, 213595
68765, 936, 2668, 143738, 216107
63, 0, 2168, 1279, 3510
109, 0, 2293, 2356, 4758
95675, 1092, 2808, 135252, 234827
55224, 593, 2636, 159370, 217823
3089, 468, 2230, 12574, 18361
2901, 0, 2184, 12543, 17628
64070, 686, 2714, 130308, 197778
171, 0, 2044, 2028, 4243
62588, 858, 2620, 141883, 207949
3089, 280, 2309, 12683, 18361
52213, 718, 2418, 139729, 195078
128747, 1310, 2886, 202473, 335416
2293, 0, 2184, 61714, 66191
3027, 0, 2371, 12620, 18018
2886, 0, 2184, 12761, 17831
105113, 1123, 2949, 121243, 230428
50934, 889, 2356, 190148, 244327
100292, 1045, 2777, 122180, 226294
46941, 717, 2918, 145579, 196155
48625, 983, 2449, 228182, 280239
37862, 686, 2574, 35911, 77033
27035, 951, 2481, 67205, 97672
2980, 0, 2090, 12589, 17659
96626, 998, 2824, 135440, 235888
104567, 967, 2714, 175750, 283998
2996, 0, 2464, 12605, 18065
905, 0, 2137, 27191, 30233
42963, 546, 2823, 35413, 81745
69061, 905, 2808, 85207, 157981
131633, 1388, 2558, 169136, 304715
3011, 0, 2418, 13385, 18814
2434, 0, 2231, 61027, 65692
3214, 249, 2465, 13213, 19141
3198, 0, 2247, 12932, 18377
2996, 0, 2542, 12668, 18206
2917, 0, 2262, 13931, 19110
2839, 0, 2636, 13058, 18533
5070, 468, 2433, 135533, 143504
10046, 453, 2402, 268913, 281814
3010, 0, 2450, 13041, 18501
3011, 0, 2262, 13229, 18502
58079, 811, 3120, 70918, 132928
3323, 0, 2371, 12979, 18673
54350, 843, 2745, 49421, 107359
2886, 0, 2574, 12527, 17987
2808, 0, 2652, 49905, 55365
3167, 0, 2308, 13245, 18720
2995, 0, 2325, 13244, 18564
3026, 0, 2340, 12932, 18298
2886, 0, 2559, 12558, 18003
3135, 0, 2262, 13104, 18501
3261, 0, 2246, 13432, 18939
3182, 0, 2372, 13135, 18689
3026, 0, 2402, 13557, 18985
2964, 0, 2277, 13369, 18610
2980, 0, 2356, 12948, 18284
109, 0, 1981, 2200, 4290
109, 0, 2340, 1981, 4430
53445, 765, 2714, 86534, 143458
52370, 655, 2933, 90870, 146828
2995, 0, 2309, 12948, 18252
2777, 0, 2527, 13494, 18798
89529, 982, 3058, 100121, 193690
55754, 968, 2714, 62509, 121945
3058, 0, 2402, 13884, 19344
3104, 0, 2434, 13494, 19032
72524, 1030, 2465, 223236, 299255
3136, 0, 2449, 12620, 18205
3760, 0, 2215, 12246, 18221
3541, 0, 2215, 12433, 18189
3042, 0, 2184, 12308, 17534
2918, 0, 2168, 11887, 16973
66612, 1014, 2730, 154830, 225186
3073, 0, 2090, 12309, 17472
3104, 0, 2247, 12995, 18346
3057, 0, 2137, 12356, 17550
3057, 0, 2169, 12807, 18033
3120, 0, 2215, 12792, 18127
2745, 0, 2418, 12792, 17955
3042, 0, 2199, 12745, 17986
3104, 0, 2106, 12589, 17799
983, 0, 2122, 27346, 30451
2917, 0, 2372, 12885, 18174
3089, 0, 2512, 13010, 18611
3213, 0, 2247, 12682, 18142
2918, 0, 2620, 13120, 18658
2948, 0, 2465, 12527, 17940
2325, 0, 2324, 61386, 66035
2948, 0, 2075, 12948, 17971
110760, 1373, 2964, 107281, 222378
2308, 0, 2356, 60216, 64880
2855, 0, 2387, 12948, 18190
108374, 1060, 2902, 128107, 240443
3182, 0, 2418, 12418, 18018
3010, 0, 2403, 12433, 17846
109, 0, 1747, 1997, 3853
3245, 0, 2277, 12028, 17550
3027, 0, 2355, 12309, 17691
3042, 0, 2418, 12417, 17877
3136, 0, 2184, 12729, 18049
2933, 0, 2340, 12979, 18252
3198, 0, 2090, 12605, 17893
2870, 0, 2309, 12917, 18096
2964, 0, 2418, 12667, 18049
889, 0, 2371, 27051, 30311
3120, 0, 2449, 12386, 17955
3074, 0, 2371, 12371, 17816
2371, 0, 2091, 60122, 64584
116002, 1279, 2792, 154160, 274233
3167, 0, 2215, 12246, 17628
31809, 827, 2449, 46566, 81651
2996, 0, 2230, 12621, 17847
2996, 0, 2308, 12933, 18237
48781, 655, 2886, 44507, 96829
3057, 0, 2106, 12714, 17877
3058, 0, 2309, 12464, 17831
2823, 0, 2356, 12730, 17909
52042, 577, 2871, 53024, 108514
2933, 0, 2262, 12948, 18143
2948, 0, 2372, 12870, 18190
52354, 702, 2964, 59093, 115113
54647, 795, 2949, 48485, 106876
3011, 0, 2450, 12542, 18003
3104, 0, 2200, 12854, 18158
3042, 0, 2372, 12558, 17972
54117, 717, 2933, 46598, 104365
3245, 0, 2387, 13104, 18736
16271, 639, 2372, 147342, 166624
219, 0, 2293, 1997, 4509
2995, 0, 2340, 13182, 18517
61854, 1030, 2730, 109029, 174643
2932, 0, 2465, 12667, 18064
79124, 951, 2762, 104348, 187185
86877, 1170, 2683, 88234, 178964
3167, 0, 2309, 12574, 18050
2901, 0, 2356, 45989, 51246
3073, 0, 2262, 12854, 18189
3105, 0, 2199, 13276, 18580
3010, 0, 2200, 12371, 17581
2996, 0, 2308, 12496, 17800
3027, 0, 2215, 12215, 17457
3073, 0, 2090, 12465, 17628
3026, 0, 2168, 12512, 17706
3042, 0, 2075, 12917, 18034
3026, 0, 2060, 12963, 18049
57891, 1124, 2745, 67907, 129667
2402, 0, 2434, 58515, 63351
3198, 0, 2481, 12480, 18159
951, 0, 2091, 28173, 31215
3182, 0, 2481, 12651, 18314
2995, 0, 2434, 12293, 17722
3292, 0, 2246, 12371, 17909
3120, 0, 2200, 12324, 17644
2979, 0, 2340, 12730, 18049
3042, 0, 2340, 12824, 18206
16458, 406, 2152, 222816, 241832
3011, 0, 2387, 12495, 17893
3027, 0, 2402, 12605, 18034
2995, 0, 2356, 12605, 17956
2855, 0, 2293, 12480, 17628
125, 0, 2075, 2371, 4571
2949, 0, 2184, 12667, 17800
76986, 1045, 2839, 146578, 227448
2153, 0, 2434, 58827, 63414
36489, 733, 2605, 47767, 87594
2948, 0, 2450, 13010, 18408
48548, 702, 2901, 39531, 91682
3057, 0, 2371, 12964, 18392
3120, 0, 2465, 12823, 18408
18408, 733, 2325, 201396, 222862
3152, 0, 2308, 12870, 18330
3089, 0, 2574, 12760, 18423
66799, 858, 2684, 201146, 271487
3448, 0, 2371, 13526, 19345
3416, 0, 2496, 13229, 19141
56238, 1061, 3073, 48563, 108935
111431, 1217, 2823, 143911, 259382
22542, 780, 2512, 131087, 156921
3088, 0, 2294, 12448, 17830
2949, 0, 2340, 12542, 17831
3073, 0, 2371, 12620, 18064
52682, 858, 2901, 84677, 141118
3260, 858, 2184, 168808, 175110
69950, 1155, 2870, 80543, 154518
2668, 0, 2278, 12994, 17940
842, 0, 2262, 28642, 31746
3027, 0, 2371, 13260, 18658
3260, 0, 2293, 13432, 18985
3182, 0, 2527, 12964, 18673
3494, 0, 2387, 13011, 18892
84334, 983, 2917, 107328, 195562
98467, 967, 2668, 204033, 306135
57018, 936, 2792, 51590, 112336
2980, 0, 2433, 12917, 18330
3260, 0, 2559, 12651, 18470
3104, 0, 2372, 12230, 17706
3104, 0, 2122, 12573, 17799
51496, 905, 2839, 46659, 101899
50919, 920, 3151, 53040, 108030
2933, 0, 2090, 12511, 17534
2761, 0, 2418, 12168, 17347
2933, 0, 2387, 12386, 17706
2808, 0, 2230, 12761, 17799
2808, 0, 2449, 12683, 17940
2855, 0, 2325, 49514, 54694
111463, 1185, 2637, 149526, 264811
2995, 0, 2262, 12823, 18080
82540, 1186, 2652, 195234, 281612
3011, 0, 2465, 13198, 18674
2964, 0, 2403, 12589, 17956
3042, 0, 2325, 13041, 18408
3089, 0, 2371, 12729, 18189
3120, 0, 2309, 12901, 18330
3042, 0, 2402, 12605, 18049
3104, 0, 2215, 12527, 17846
59233, 905, 2683, 79873, 142694
3245, 0, 2184, 12730, 18159
2824, 0, 2262, 13073, 18159
2824, 0, 2574, 12683, 18081
3104, 0, 2465, 13104, 18673
2980, 0, 2667, 12215, 17862
67829, 890, 2745, 89092, 160556
3042, 0, 1997, 12885, 17924
107718, 1170, 3011, 119605, 231504
3213, 0, 2153, 13073, 18439
3244, 0, 2372, 12979, 18595
56909, 1217, 2808, 63804, 124738
78437, 999, 2855, 96689, 178980
3213, 0, 2138, 13447, 18798
98515, 1279, 2933, 140493, 243220
2948, 0, 2512, 12792, 18252
73663, 1170, 2964, 100854, 178651
187, 0, 2044, 2200, 4431
53352, 1170, 2761, 65723, 123006
3042, 0, 2262, 12714, 18018
91806, 1435, 2995, 112789, 209025
6911, 218, 2387, 217090, 226606
72446, 936, 3027, 87188, 163597
2933, 0, 2386, 12137, 17456
105784, 1185, 2902, 179166, 289037
41777, 780, 2527, 238962, 284046
108451, 1201, 2715, 197340, 309707
3011, 0, 2044, 12683, 17738
2325, 0, 2355, 60263, 64943
48110, 858, 2777, 56441, 108186
3121, 0, 2106, 12760, 17987
982, 0, 1904, 27705, 30591
3120, 0, 2340, 12886, 18346
122102, 1185, 2808, 187060, 313155
2980, 0, 2262, 13166, 18408
2823, 0, 2231, 13510, 18564
2871, 234, 2262, 13478, 18845
65676, 1154, 2824, 68328, 137982
3198, 0, 2324, 13010, 18532
54506, 1124, 2589, 56020, 114239
2901, 0, 2247, 12792, 17940
2824, 0, 2184, 12636, 17644
2979, 0, 2309, 48204, 53492
3057, 0, 2309, 12605, 17971
3058, 0, 2309, 12745, 18112
2917, 0, 2293, 12917, 18127
2995, 0, 2215, 12917, 18127
2995, 0, 2043, 12761, 17799
71839, 1092, 2745, 117141, 192817
2901, 0, 2371, 12714, 17986
71074, 1529, 2761, 101728, 177092
63383, 905, 3010, 82384, 149682
2840, 0, 2480, 12792, 18112
38533, 1294, 2621, 126626, 169074
54819, 982, 3027, 55583, 114411
62275, 1185, 2746, 81073, 147279
2839, 0, 2231, 12542, 17612
86206, 1092, 2792, 96877, 186967
65301, 1014, 2824, 82041, 151180
82524, 1076, 2637, 133520, 219757
2901, 0, 2559, 12558, 18018
2871, 0, 2293, 12573, 17737
59218, 780, 3011, 74162, 137171
50310, 905, 2933, 66175, 120323
80355, 1108, 2792, 135518, 219773
3026, 0, 2324, 12761, 18111
2808, 0, 2543, 13182, 18533
921, 0, 2168, 27955, 31044
2902, 0, 2277, 13089, 18268
79295, 1123, 2683, 86253, 169354
3166, 0, 2091, 13026, 18283
92992, 1388, 2793, 113895, 211068
89669, 999, 3088, 118998, 212754
2793, 0, 2293, 13057, 18143
3026, 0, 2403, 12839, 18268
3307, 0, 2356, 12917, 18580
2964, 0, 2496, 12745, 18205
54070, 920, 2933, 54335, 112258
3042, 249, 2372, 12854, 18517
3292, 0, 2386, 12933, 18611
3401, 0, 2340, 13072, 18813
3152, 0, 2355, 12792, 18299
3167, 0, 2387, 12324, 17878
3104, 0, 2278, 50325, 55707
3135, 0, 2137, 12512, 17784
2792, 0, 2403, 12417, 17612
3104, 0, 2356, 12605, 18065
3026, 0, 2340, 12667, 18033
3136, 0, 2324, 12730, 18190
3291, 0, 2403, 12745, 18439
3791, 655, 2387, 85769, 92602
3167, 0, 2465, 12745, 18377
2902, 0, 2465, 12932, 18299
59077, 1014, 2652, 92009, 154752
3308, 0, 2277, 12621, 18206
3120, 0, 2294, 13197, 18611
2917, 0, 2480, 12590, 17987
2839, 0, 2449, 12917, 18205
3135, 0, 2356, 12917, 18408
3214, 0, 2449, 12698, 18361
66129, 1279, 2808, 85800, 156016
3292, 0, 2231, 12667, 18190
3166, 0, 2184, 12590, 17940
3057, 0, 2106, 13151, 18314
2839, 0, 2402, 12699, 17940
3260, 0, 2278, 12433, 17971
171, 0, 1872, 2091, 4134
3323, 0, 2168, 12745, 18236
58922, 1092, 2823, 69576, 132413
44819, 827, 2636, 125581, 173863
3230, 0, 2199, 13338, 18767
80075, 1232, 2777, 128872, 212956
2278, 0, 2277, 61121, 65676
2995, 0, 2371, 13260, 18626
3073, 0, 2402, 12777, 18252
2964, 0, 2387, 12652, 18003
3276, 0, 2449, 12480, 18205
95675, 1185, 2840, 125299, 224999
62759, 905, 2683, 73476, 139823
42604, 905, 2964, 67251, 113724
3308, 0, 2371, 12667, 18346
61683, 983, 2761, 78967, 144394
3073, 686, 2465, 12652, 18876
796, 0, 2137, 28392, 31325
75785, 967, 2746, 94286, 173784
74631, 1123, 2558, 113194, 191506
2917, 0, 2356, 12776, 18049
61090, 1123, 2808, 72212, 137233
2918, 0, 2262, 12355, 17535
3151, 0, 2246, 12761, 18158
2964, 0, 2215, 12558, 17737
2886, 0, 2091, 12542, 17519
53914, 1232, 2808, 77127, 135081
2948, 0, 2294, 12916, 18158
2886, 0, 2324, 13136, 18346
84692, 1155, 2792, 153208, 241847
3088, 0, 2418, 13432, 18938
107859, 1030, 2792, 156656, 268337
3151, 0, 2200, 12885, 18236
2839, 0, 2324, 48813, 53976
63492, 1061, 3307, 87610, 155470
3198, 0, 2262, 13369, 18829
61698, 873, 2746, 84412, 149729
2917, 0, 2340, 12511, 17768
3261, 0, 2309, 12823, 18393
3354, 0, 2450, 13353, 19157
57439, 936, 2823, 52791, 113989
89763, 1045, 2870, 108171, 201849
62836, 936, 2746, 71807, 138325
55006, 795, 2481, 157233, 215515
4789, 593, 2340, 159307, 167029
61557, 1124, 2870, 79170, 144721
59358, 749, 2854, 74647, 137608
3276, 0, 2309, 12823, 18408
54616, 920, 3026, 86627, 145189
60138, 1310, 2902, 66347, 130697
38860, 827, 2667, 75333, 117687
3011, 0, 2199, 12855, 18065
2901, 0, 2247, 13104, 18252
64459, 936, 2808, 138497, 206700
97703, 1435, 2949, 99871, 201958
42011, 889, 2777, 47268, 92945
45162, 811, 2761, 52963, 101697
56238, 749, 2855, 59842, 119684
87968, 1170, 2871, 119855, 211864
3042, 0, 2184, 12714, 17940
52104, 717, 2652, 44710, 100183
107593, 1264, 2808, 143692, 255357
3213, 0, 2122, 13431, 18766
3027, 764, 2293, 12496, 18580
3011, 0, 2215, 13088, 18314
811, 0, 2372, 27690, 30873
3120, 0, 2262, 12792, 18174
53633, 811, 2808, 51948, 109200
55911, 686, 2699, 46426, 105722
2792, 0, 2309, 12823, 17924
3104, 0, 2403, 12901, 18408
47923, 1061, 2871, 76970, 128825
2964, 0, 2215, 13088, 18267
3057, 0, 2215, 12652, 17924
55177, 921, 2839, 51745, 110682
3136, 0, 2215, 47985, 53336
125, 0, 2215, 2122, 4462
62353, 749, 2792, 84334, 150228
124691, 1202, 2745, 208713, 337351
58500, 920, 2668, 54974, 117062
3042, 0, 2184, 12730, 17956
2980, 0, 2543, 12667, 18190
3073, 0, 2168, 12855, 18096
64787, 1170, 2964, 109340, 178261
2933, 0, 2153, 12761, 17847
2215, 0, 2371, 60996, 65582
2870, 0, 2481, 12932, 18283
3136, 0, 2293, 13167, 18596
70527, 1092, 2699, 103912, 178230
3135, 0, 2309, 12605, 18049
96876, 1467, 2792, 126329, 227464
2870, 0, 2496, 12792, 18158
3089, 0, 2356, 12589, 18034
73242, 1232, 2590, 137795, 214859
28065, 873, 2559, 120947, 152444
61480, 1388, 2699, 65364, 130931
3011, 0, 2293, 12886, 18190
3027, 0, 2230, 13182, 18439
63555, 1029, 2808, 65973, 133365
90652, 1217, 2730, 105862, 200461
74428, 1342, 2948, 98748, 177466
103304, 998, 3026, 125612, 232940
90761, 1076, 2980, 97765, 192582
2980, 0, 2246, 13666, 18892
2886, 0, 2496, 13323, 18705
101057, 1295, 2917, 113241, 218510
3994, 0, 2121, 12636, 18751
65957, 1123, 2808, 87407, 157295
2980, 0, 2309, 12667, 17956
3166, 0, 2153, 12621, 17940
3182, 0, 2325, 12526, 18033
2917, 0, 2137, 12730, 17784
3213, 0, 2247, 13041, 18501
2823, 0, 2231, 12449, 17503
51994, 1217, 2668, 48516, 104395
61261, 1014, 2356, 216325, 280956
3042, 0, 2246, 43899, 49187
1092, 0, 2075, 27503, 30670
66113, 921, 2886, 104192, 174112
2995, 0, 2527, 12745, 18267
87797, 1217, 2870, 112242, 204126
3042, 0, 2199, 13214, 18455
3058, 0, 2231, 12838, 18127
3120, 0, 2215, 13229, 18564
2839, 0, 2277, 13011, 18127
54600, 982, 2746, 63118, 121446
56737, 1123, 3229, 111166, 172255
109, 0, 2075, 2277, 4461
23790, 671, 2449, 172006, 198916
58937, 733, 2964, 89420, 152054
2854, 0, 2325, 12885, 18064
1997, 0, 2324, 62275, 66596
112429, 952, 2917, 109731, 226029
2995, 0, 2418, 13291, 18704
2902, 0, 2340, 12620, 17862
3183, 0, 2074, 12980, 18237
127233, 1124, 2589, 123958, 254904
2948, 0, 2200, 13930, 19078
63056, 920, 2964, 126750, 193690
110869, 796, 3011, 131836, 246512
21372, 812, 2418, 131757, 156359
2917, 0, 2324, 12449, 17690
2917, 0, 2512, 12620, 18049
2995, 0, 2278, 12526, 17799
3011, 0, 2402, 12730, 18143
3042, 0, 2168, 12995, 18205
43196, 780, 2668, 127795, 174439
85004, 1217, 3011, 105440, 194672
68016, 1467, 2714, 76877, 149074
87282, 1139, 2761, 103194, 194376
91494, 1326, 2683, 124847, 220350
3183, 0, 2230, 12434, 17847
68968, 1061, 2948, 93226, 166203
3151, 0, 2356, 13556, 19063
2917, 0, 2481, 12917, 18315
2917, 0, 2465, 13338, 18720
63867, 905, 2901, 65614, 133287
108093, 1482, 2636, 122242, 234453
96736, 1061, 2901, 136734, 237432
2871, 0, 2418, 12776, 18065
66098, 951, 3011, 77330, 147390
2980, 0, 2433, 12605, 18018
2964, 0, 2340, 13026, 18330
3167, 0, 2496, 13057, 18720
3058, 0, 2293, 13556, 18907
3010, 0, 2418, 13448, 18876
874, 0, 2308, 27753, 30935
2855, 0, 2309, 51963, 57127
2933, 0, 2543, 12963, 18439
46722, 1092, 2917, 54132, 104863
2964, 0, 2262, 12807, 18033
2933, 0, 2418, 12339, 17690
2948, 0, 2387, 12542, 17877
84396, 1170, 2901, 110074, 198541
3010, 0, 2262, 12933, 18205
3183, 0, 2418, 12464, 18065
234, 0, 2059, 2106, 4399
53774, 904, 2964, 74849, 132491
68530, 968, 2792, 127421, 199711
73710, 1061, 2964, 100869, 178604
3244, 0, 2481, 12979, 18704
20904, 1092, 2277, 180805, 205078
2153, 0, 2262, 61355, 65770
2917, 0, 2403, 13072, 18392
66378, 748, 2949, 97968, 168043
3057, 0, 2216, 13057, 18330
3027, 0, 2277, 12979, 18283
59217, 671, 2668, 120323, 182879
80247, 858, 2683, 185469, 269257
2932, 0, 2153, 12387, 17472
127889, 1139, 2886, 131617, 263531
67345, 811, 2996, 74069, 145221
3026, 0, 2543, 12792, 18361
6490, 842, 2340, 135674, 145346
2933, 0, 2153, 12542, 17628
3229, 0, 2246, 13682, 19157
84692, 1467, 2714, 103990, 192863
59093, 1170, 2527, 71230, 134020
3915, 0, 2215, 13323, 19453
130432, 1170, 2808, 165298, 299708
2871, 0, 2667, 13136, 18674
99497, 1497, 2840, 128684, 232518
91369, 1232, 2980, 121134, 216715
58984, 1107, 2683, 66878, 129652
3369, 0, 2481, 13041, 18891
76955, 1061, 2714, 91058, 171788
3213, 593, 2512, 12776, 19094
3074, 0, 2371, 12636, 18081
3058, 0, 2262, 12542, 17862
3229, 0, 2309, 13026, 18564
3089, 0, 2152, 12527, 17768
3042, 0, 2215, 12886, 18143
2730, 0, 2200, 12698, 17628
3105, 0, 2340, 13073, 18518
3104, 0, 2403, 12683, 18190
66675, 1014, 3260, 78858, 149807
106673, 1248, 3105, 141492, 252518
2980, 0, 2215, 13135, 18330
2715, 0, 2324, 51340, 56379
51043, 1045, 3401, 97906, 153395
2933, 0, 2512, 13213, 18658
3136, 0, 2169, 13462, 18767
52993, 1045, 2793, 57626, 114457
3541, 0, 2387, 13182, 19110
3245, 0, 2355, 12761, 18361
3354, 0, 2402, 12714, 18470
3011, 0, 2402, 12730, 18143
85722, 1139, 2949, 110588, 200398
889, 0, 2418, 28174, 31481
93, 0, 2138, 2199, 4430
47611, 951, 3074, 70137, 121773
889, 0, 2262, 27050, 30201
2902, 0, 2246, 12449, 17597
2995, 0, 2433, 12699, 18127
2902, 0, 2386, 12777, 18065
3089, 0, 2277, 13058, 18424
3245, 0, 2278, 12573, 18096
88670, 1202, 3104, 107937, 200913
55443, 827, 3011, 91244, 150525
2294, 0, 2230, 60497, 65021
2855, 0, 2387, 13291, 18533
20655, 858, 2121, 194564, 218198
2964, 0, 2293, 13010, 18267
80870, 1139, 2605, 102493, 187107
3089, 0, 2418, 13182, 18689
66238, 764, 2730, 56769, 126501
3088, 0, 2481, 13322, 18891
57361, 920, 2761, 64819, 125861
2980, 0, 2153, 12963, 18096
2823, 0, 2450, 13182, 18455
2886, 0, 2434, 12870, 18190
71448, 936, 3135, 123303, 198822
55817, 1092, 2793, 66643, 126345
3073, 219, 2308, 13323, 18923
69295, 1045, 2824, 86908, 160072
3011, 0, 2527, 12808, 18346
113927, 1045, 2730, 176530, 294232
3136, 0, 2199, 13338, 18673
3073, 0, 2325, 13072, 18470
112975, 1139, 2777, 129371, 246262
56144, 905, 2761, 61636, 121446
21949, 733, 2605, 151632, 176919
3183, 0, 2496, 12480, 18159
3182, 0, 2356, 12543, 18081
3182, 0, 2325, 12994, 18501
79139, 1201, 2808, 127608, 210756
2964, 0, 2231, 12932, 18127
2824, 0, 2262, 12745, 17831
74443, 1092, 2746, 140931, 219212
68624, 983, 2980, 84848, 157435
3073, 0, 2278, 12901, 18252
60887, 1030, 2823, 89903, 154643
2824, 0, 2433, 13026, 18283
3198, 0, 2262, 12964, 18424
3011, 0, 2402, 12402, 17815
3042, 0, 2371, 12714, 18127
2886, 0, 2527, 12917, 18330
3011, 0, 2231, 44476, 49718
3073, 0, 2293, 13073, 18439
3136, 0, 2355, 13385, 18876
2948, 0, 2450, 13431, 18829
50264, 998, 2637, 51339, 105238
827, 0, 2293, 28314, 31434
3151, 0, 2605, 13042, 18798
3479, 0, 2325, 13088, 18892
3213, 0, 2247, 12948, 18408
3058, 0, 2371, 12698, 18127
234, 0, 2153, 2230, 4617
52198, 1107, 2918, 83226, 139449
96627, 1232, 2995, 102758, 203612
2246, 0, 2356, 62697, 67299
2995, 0, 2231, 12885, 18111
71495, 1123, 3354, 98218, 174190
3136, 0, 2090, 13338, 18564
3104, 0, 2418, 13245, 18767
3354, 0, 2324, 12792, 18470
3244, 0, 2184, 12886, 18314
3370, 0, 2168, 13011, 18549
2932, 0, 2372, 13119, 18423
33774, 936, 2465, 116688, 153863
74537, 1030, 2792, 129278, 207637
3011, 0, 2371, 13166, 18548
22433, 686, 2528, 233860, 259507
3495, 0, 2262, 13291, 19048
2995, 0, 2543, 12995, 18533
45662, 858, 2433, 120901, 169854
7722, 873, 2247, 143848, 154690
3182, 0, 2481, 13182, 18845
3042, 0, 2605, 13635, 19282
3104, 0, 2387, 12964, 18455
62213, 1014, 2590, 137046, 202863
77610, 967, 2964, 136516, 218057
9110, 765, 2496, 58921, 71292
3261, 0, 2262, 12917, 18440
3026, 0, 2543, 12745, 18314
3011, 218, 2496, 12667, 18392
85722, 936, 2745, 156313, 245716
3104, 203, 2481, 13197, 18985
3385, 0, 2371, 12605, 18361
3354, 0, 2402, 13057, 18813
3167, 0, 2262, 52026, 57455
2948, 0, 2387, 12511, 17846
3775, 281, 2558, 58532, 65146
2933, 0, 2169, 12838, 17940
9453, 765, 2527, 75099, 87844
3058, 0, 2028, 13821, 18907
76986, 1045, 2637, 185453, 266121
3182, 0, 2512, 13073, 18767
3307, 0, 2356, 13010, 18673
3198, 0, 2386, 13276, 18860
95347, 999, 2761, 144004, 243111
968, 0, 2308, 28127, 31403
3057, 0, 2372, 12604, 18033
3026, 0, 2325, 12730, 18081
3136, 0, 2075, 13088, 18299
4337, 717, 2059, 110090, 117203
3136, 702, 2512, 12979, 19329
116189, 1124, 2730, 187075, 307118
203, 0, 2246, 2247, 4696
34757, 764, 2730, 69498, 107749
103740, 1139, 2699, 202301, 309879
2980, 0, 2402, 13042, 18424
12589, 702, 2621, 83257, 99169
125440, 1232, 2606, 169478, 298756
3088, 0, 2465, 12761, 18314
2886, 0, 2527, 12979, 18392
3214, 0, 2480, 13166, 18860
2200, 0, 2371, 62540, 67111
3135, 546, 2278, 15818, 21777
3105, 0, 2308, 13120, 18533
3088, 0, 2231, 13697, 19016
3136, 0, 2371, 13806, 19313
3354, 0, 2449, 12933, 18736
3245, 0, 2418, 12916, 18579
3292, 0, 2387, 12823, 18502
29048, 795, 2543, 115191, 147577
3198, 0, 2184, 12777, 18159
52822, 1014, 2590, 92898, 149324
3042, 0, 2294, 12870, 18206
3104, 0, 2340, 12979, 18423
98624, 1279, 2979, 123241, 226123
3105, 0, 2340, 13151, 18596
89497, 1170, 2855, 103350, 196872
17207, 921, 2496, 66206, 86830
3323, 0, 2387, 12901, 18611
80278, 749, 2902, 126937, 210866
2839, 0, 2511, 50435, 55785
55474, 1045, 2808, 48313, 107640
2948, 0, 2371, 12574, 17893
3011, 0, 2512, 12636, 18159
126782, 1310, 2839, 162084, 293015
26910, 749, 2558, 62587, 92804
3058, 0, 2355, 13073, 18486
3229, 0, 2262, 13120, 18611
2980, 0, 2558, 12777, 18315
102601, 921, 2464, 239461, 345447
2980, 0, 2262, 12823, 18065
2995, 0, 2667, 12621, 18283
3214, 0, 2278, 12464, 17956
111368, 1529, 2746, 145922, 261565
48157, 624, 2886, 40841, 92508
107546, 968, 3166, 186842, 298522
3151, 827, 2449, 161788, 168215
2980, 0, 2418, 12433, 17831
59811, 982, 2606, 98763, 162162
109, 0, 2340, 2231, 4680
121681, 1123, 2901, 158887, 284592
3057, 0, 2481, 12620, 18158
40451, 951, 2715, 110791, 154908
121290, 1077, 2792, 169182, 294341
47331, 1139, 2839, 63913, 115222
2995, 0, 2356, 12963, 18314
3088, 0, 2387, 12652, 18127
2465, 0, 2184, 59561, 64210
3167, 0, 2278, 12839, 18284
61900, 1124, 2605, 73211, 138840
92743, 1201, 2886, 118295, 215125
3011, 0, 2293, 12308, 17612
2932, 0, 2278, 12698, 17908
3011, 0, 2309, 13119, 18439
72493, 1186, 2948, 110807, 187434
2979, 0, 2418, 13120, 18517
85613, 1061, 2917, 114145, 203736
70559, 1108, 2777, 71650, 146094
48438, 2075, 2948, 48001, 101462
120043, 1029, 2949, 157045, 281066
2824, 0, 2340, 13057, 18221
3011, 0, 2449, 12995, 18455
3057, 0, 2262, 13401, 18720
3198, 0, 2340, 45506, 51044
3167, 0, 2356, 13057, 18580
3120, 0, 2434, 13322, 18876
3057, 0, 2528, 13166, 18751
37082, 826, 2840, 65083, 105831
130791, 1404, 2870, 217309, 352374
3042, 0, 2278, 12839, 18159
88624, 1014, 2746, 116906, 209290
2995, 0, 2294, 12776, 18065
77158, 2418, 2933, 126001, 208510
54304, 952, 2667, 70731, 128654
2777, 0, 2355, 12309, 17441
3104, 0, 2028, 12714, 17846
105316, 1108, 2823, 129387, 238634
97750, 1279, 2808, 118139, 219976
3073, 0, 2340, 12340, 17753
49389, 2106, 2559, 162022, 216076
107500, 1435, 2793, 120916, 232644
2948, 0, 2231, 12542, 17721
2886, 0, 2278, 12963, 18127
3042, 0, 2278, 12355, 17675
2777, 0, 2340, 12184, 17301
3151, 0, 2106, 12605, 17862
952, 0, 2262, 26691, 29905
49265, 904, 2637, 41746, 94552
2995, 0, 2387, 12745, 18127
2949, 0, 2449, 12963, 18361
53774, 858, 2402, 74085, 131119
109, 0, 2200, 2152, 4461
69030, 983, 2714, 87938, 160665
70590, 1014, 2605, 83523, 157732
46535, 717, 2918, 43290, 93460
3074, 0, 2184, 12745, 18003
2355, 0, 2434, 62478, 67267
3027, 0, 2465, 13041, 18533
60326, 1139, 2917, 61058, 125440
89981, 936, 2886, 130417, 224220
107156, 952, 2761, 126501, 237370
3214, 0, 2496, 12667, 18377
3058, 0, 2293, 12854, 18205
31995, 687, 2371, 216778, 251831
3167, 0, 2308, 13042, 18517
3292, 0, 2449, 12932, 18673
67657, 983, 2808, 93772, 165220
66471, 1077, 2792, 75317, 145657
107874, 1061, 2823, 152288, 264046
3354, 0, 2496, 12371, 18221
3354, 0, 2434, 13416, 19204
3245, 0, 2402, 13479, 19126
3230, 0, 2184, 13572, 18986
3526, 0, 2340, 12604, 18470
2777, 0, 2293, 12839, 17909
3089, 0, 2122, 12854, 18065
93569, 1060, 2840, 119558, 217027
3026, 0, 2200, 43711, 48937
59483, 1186, 2948, 95582, 159199
2996, 0, 2386, 13354, 18736
28174, 858, 2652, 143333, 175017
92820, 1061, 2808, 106735, 203424
78062, 1233, 2776, 124910, 206981
3058, 0, 2293, 12933, 18284
2995, 0, 2309, 12761, 18065
91073, 1201, 2777, 141789, 236840
2948, 0, 2294, 12823, 18065
3104, 0, 2169, 13150, 18423
2980, 0, 2340, 12885, 18205
67454, 1092, 2855, 84911, 156312
3213, 0, 2153, 13447, 18813
93, 0, 2309, 2246, 4648
103475, 1575, 3011, 127530, 235591
110, 0, 2308, 1779, 4197
59607, 1014, 2917, 86799, 150337
187, 0, 2184, 2184, 4555
124, 0, 2184, 2184, 4492
141, 0, 2215, 2106, 4462
52011, 749, 2808, 49857, 105425
62416, 1185, 2730, 65567, 131898
3042, 0, 2355, 13401, 18798
49093, 1092, 2808, 49951, 102944
109, 0, 2309, 2230, 4648
125, 0, 2028, 2059, 4212
113444, 1560, 2964, 168277, 286245
187, 0, 2153, 2106, 4446
858, 0, 2262, 27565, 30685
2184, 0, 2387, 62088, 66659
109, 0, 2184, 1950, 4243
109, 0, 2246, 1904, 4259
172, 0, 2184, 1919, 4275
140, 0, 2091, 2215, 4446
68671, 1139, 2683, 96049, 168542
94, 0, 2090, 2153, 4337
2434, 0, 2152, 60950, 65536
171, 0, 1919, 2278, 4368
2106, 0, 2294, 61807, 66207
109, 0, 2012, 2184, 4305
187, 0, 2060, 2137, 4384
109, 0, 2215, 2028, 4352
2465, 0, 2277, 61995, 66737
94, 0, 2293, 2075, 4462
203, 0, 2106, 1981, 4290
203, 0, 2215, 2262, 4680
48485, 936, 2886, 58094, 110401
94, 0, 2090, 1856, 4040
219, 0, 2277, 2169, 4665
2372, 0, 2199, 60513, 65084
218, 0, 2169, 1778, 4165
2324, 0, 2434, 60201, 64959
203, 0, 2137, 2215, 4555
2325, 0, 2433, 60029, 64787
2309, 0, 2293, 60139, 64741
2090, 0, 2278, 60590, 64958
187, 0, 2059, 2356, 4602
101603, 967, 2949, 105269, 210788
2231, 0, 2277, 60372, 64880
2106, 0, 2433, 60263, 64802
172, 0, 2200, 1934, 4306
2137, 0, 2372, 60543, 65052
3026, 0, 2184, 13089, 18299
108857, 1045, 2792, 91682, 204376
106579, 999, 3011, 115190, 225779
2402, 0, 2215, 59935, 64552
93, 0, 2231, 2309, 4633
203, 0, 2090, 2013, 4306
2309, 0, 2246, 60871, 65426
921, 0, 2215, 27331, 30467
203, 0, 2074, 2325, 4602
2418, 0, 2184, 60699, 65301
202, 0, 2184, 2169, 4555
2184, 515, 2215, 62447, 67361
2278, 0, 2278, 61448, 66004
203, 0, 2277, 2137, 4617
2387, 281, 2293, 59389, 64350
93, 0, 2262, 1966, 4321
73211, 1092, 2387, 190789, 267479
2356, 0, 2215, 60887, 65458
2340, 0, 2231, 61105, 65676
2324, 0, 2247, 60559, 65130
2574, 0, 2309, 60575, 65458
2356, 405, 2309, 61106, 66176
2153, 0, 2403, 60528, 65084
1950, 0, 2356, 54615, 58921
2512, 0, 2277, 62276, 67065
2168, 0, 2402, 62510, 67080
3011, 515, 2309, 101790, 107625
2200, 0, 2184, 61089, 65473
2434, 0, 2277, 60715, 65426
2449, 0, 2293, 61526, 66268
2480, 0, 2294, 62992, 67766
2325, 0, 2496, 60746, 65567
2184, 0, 2496, 61246, 65926
94, 0, 2043, 2044, 4181
2090, 0, 2169, 63523, 67782
2262, 0, 2169, 60856, 65287
2153, 0, 2371, 60388, 64912
140, 0, 2012, 2200, 4352
171, 0, 2013, 1996, 4180
3198, 0, 2262, 12246, 17706
94, 0, 2262, 2184, 4540
125, 0, 2168, 2340, 4633
187, 0, 2184, 2168, 4539
187, 0, 2137, 2200, 4524
94, 0, 2262, 2121, 4477
188, 0, 2043, 2293, 4524
94, 0, 2059, 2231, 4384
2324, 0, 2356, 61401, 66081
171, 0, 2122, 2059, 4352
94, 0, 2199, 2169, 4462
109, 0, 2293, 1950, 4352
93, 0, 2293, 2231, 4617
921, 0, 2402, 27597, 30920
187, 0, 2216, 2215, 4618
187, 0, 2137, 2169, 4493
78, 0, 2293, 2262, 4633
13993, 359, 2246, 201677, 218275
2293, 0, 2449, 60263, 65005
3058, 0, 2277, 13073, 18408
2294, 0, 2262, 61791, 66347
3104, 0, 2434, 12667, 18205
3042, 702, 2262, 12183, 18189
9828, 343, 2324, 191912, 204407
22074, 562, 2589, 193753, 218978
1981, 0, 2262, 60653, 64896
2184, 0, 2200, 62400, 66784
2200, 0, 2293, 64054, 68547
920, 0, 2293, 27238, 30451
921, 0, 2340, 26972, 30233
796, 0, 2355, 27020, 30171
3073, 0, 2153, 12526, 17752
827, 140, 2340, 26473, 29780
2933, 0, 2465, 13431, 18829
2933, 0, 2246, 13619, 18798
3182, 0, 2403, 12511, 18096
796, 0, 2215, 27471, 30482
32775, 796, 2402, 212504, 248477
920, 0, 2138, 27315, 30373
795, 0, 2044, 28033, 30872
999, 0, 2230, 27160, 30389
2870, 0, 2324, 12699, 17893
889, 0, 2262, 27363, 30514
29374, 749, 2387, 214625, 247135
2948, 0, 2169, 13088, 18205
3136, 0, 2449, 12402, 17987
670, 0, 2216, 27019, 29905
3089, 0, 2309, 13182, 18580
2995, 0, 2418, 12605, 18018
905, 0, 2200, 27643, 30748
2995, 0, 2293, 12808, 18096
905, 0, 2262, 27752, 30919
3089, 0, 2293, 13167, 18549
967, 0, 2216, 27549, 30732
3104, 0, 2356, 13650, 19110
1014, 0, 2293, 26957, 30264
811, 140, 2231, 72166, 75348
967, 0, 2184, 27534, 30685
3104, 0, 2777, 12434, 18315
3510, 0, 2371, 12980, 18861
811, 0, 2137, 28065, 31013
2917, 0, 2356, 12620, 17893
1139, 0, 2246, 27175, 30560
2777, 0, 2262, 13463, 18502
889, 0, 2980, 27425, 31294
2932, 0, 2356, 13073, 18361
889, 0, 2340, 28143, 31372
3027, 0, 2324, 13463, 18814
733, 0, 2231, 28611, 31575
3276, 0, 2371, 13229, 18876
702, 0, 2138, 28080, 30920
718, 0, 2137, 28923, 31778
3198, 0, 2511, 12808, 18517
936, 0, 2356, 27862, 31154
3089, 0, 2465, 12574, 18128
811, 0, 2215, 27659, 30685
858, 0, 2340, 27346, 30544
2918, 0, 2355, 12527, 17800
967, 0, 2278, 26785, 30030
3058, 0, 2184, 12605, 17847
3026, 0, 2278, 12449, 17753
858, 0, 2184, 27019, 30061
873, 0, 2309, 26754, 29936
2730, 0, 2402, 12449, 17581
826, 0, 2075, 27737, 30638
2902, 0, 2262, 12542, 17706
858, 0, 2356, 27253, 30467
952, 0, 2199, 27222, 30373
3229, 0, 2200, 12574, 18003
749, 0, 2200, 27066, 30015
2995, 0, 2340, 12371, 17706
2855, 0, 2340, 12729, 17924
2808, 0, 2325, 43836, 48969
936, 0, 2262, 28112, 31310
2995, 0, 2262, 13182, 18439
936, 0, 2152, 27254, 30342
3229, 0, 2309, 12838, 18376
827, 0, 2075, 28205, 31107
3214, 0, 2371, 12574, 18159
842, 0, 2122, 27706, 30670
3244, 0, 2309, 12870, 18423
2964, 0, 2527, 12496, 17987
967, 0, 2059, 27909, 30935
2964, 0, 2231, 12839, 18034
827, 0, 2340, 28314, 31481
3089, 0, 2355, 12574, 18018
874, 0, 2418, 27097, 30389
920, 0, 2231, 26567, 29718
3089, 0, 2309, 12183, 17581
2964, 0, 2137, 12886, 17987
858, 0, 2122, 26801, 29781
2808, 0, 2325, 12495, 17628
858, 0, 2137, 27113, 30108
65130, 1014, 2746, 133146, 202036
905, 0, 2106, 27503, 30514
3073, 0, 2403, 12683, 18159
827, 0, 2293, 26536, 29656
2964, 0, 2403, 12355, 17722
858, 0, 2012, 26957, 29827
2917, 0, 2403, 12246, 17566
107671, 1108, 2870, 91682, 203331
3010, 0, 2372, 12355, 17737
2979, 0, 2403, 12651, 18033
936, 0, 2215, 28236, 31387
1061, 0, 2137, 26739, 29937
655, 0, 2294, 27269, 30218
2886, 0, 2433, 12465, 17784
2933, 0, 2418, 12527, 17878
890, 0, 2355, 26770, 30015
59967, 1014, 3291, 151165, 215437
2949, 0, 2402, 12558, 17909
921, 0, 1965, 26864, 29750
842, 0, 2122, 26832, 29796
3230, 0, 2215, 12246, 17691
780, 0, 2090, 27035, 29905
2886, 0, 2309, 12448, 17643
2762, 0, 2277, 12574, 17613
952, 0, 2199, 27176, 30327
3104, 0, 2294, 12729, 18127
811, 0, 2403, 27113, 30327
2886, 0, 2293, 12729, 17908
3089, 0, 2106, 12854, 18049
890, 0, 2012, 26941, 29843
842, 0, 2060, 27378, 30280
874, 0, 2012, 27487, 30373
3057, 0, 2309, 12808, 18174
3260, 0, 2278, 12948, 18486
874, 0, 2122, 27627, 30623
3245, 0, 2309, 12948, 18502
733, 0, 2262, 28096, 31091
3291, 0, 2278, 13432, 19001
920, 0, 2059, 28501, 31480
811, 0, 2215, 27659, 30685
3291, 0, 2231, 12886, 18408
842, 0, 2168, 27753, 30763
1030, 0, 2168, 28782, 31980
47, 0, 2184, 999, 3230
187, 0, 1981, 2184, 4352
796, 0, 2309, 27378, 30483
811, 0, 2184, 27674, 30669
1014, 0, 2184, 28173, 31371
3105, 0, 2153, 13416, 18674
858, 0, 1997, 28236, 31091
811, 0, 2278, 26707, 29796
2902, 0, 2496, 11746, 17144
718, 0, 2215, 24991, 27924
1045, 0, 2293, 39702, 43040
3120, 0, 2325, 9032, 14477
936, 0, 2153, 23400, 26489
889, 0, 2324, 22090, 25303
826, 0, 2200, 20920, 23946
4150, 0, 2355, 56098, 62603
2293, 0, 2013, 50092, 54398
3057, 0, 2356, 38891, 44304
70715, 0, 2309, 18673, 91697
65847, 0, 2294, 48812, 116953
58079, 0, 2152, 119278, 179509
